CSEC1
# measured 2 m creek cross-sections: 584 resolved of 3634 screened transects, 20 reaches, 16 sandhills_river+sandhills tiles, waterway=stream/river (tools/aeolian/creek_sections.py)
# OSM waterway=stream, 10 m stations, +-40 m at 1 m, recentred +-12 m, detrended 25..40 m
half_m 24
step_m 1
n_sections 256
n_medians 20
resolved_frac 0.1607
along_corr_m 30.0
depth_p 0.574 0.909 1.541 2.241 3.001
width_p 11.000 12.000 14.000 16.500 17.500
asym_p -0.391 -0.231 -0.039 0.105 0.271
# s depth w_l w_r v(-24)..v(+24)   individual transects, sorted by mean closure width
s 0.229 3 2 0.304 0.334 0.311 0.294 0.284 0.283 0.283 0.279 0.277 0.272 0.269 0.266 0.259 0.248 0.235 0.221 0.220 0.225 0.256 0.290 0.283 0.242 0.188 0.089 0.000 0.060 0.169 0.240 0.233 0.226 0.217 0.214 0.216 0.214 0.218 0.228 0.237 0.235 0.234 0.239 0.242 0.234 0.216 0.198 0.173 0.153 0.137 0.112 0.091
s 0.252 4 3 0.418 0.323 0.234 0.288 0.344 0.473 0.599 0.591 0.585 0.568 0.553 0.537 0.521 0.482 0.444 0.419 0.393 0.403 0.411 0.412 0.411 0.298 0.182 0.090 0.000 0.033 0.068 0.223 0.378 0.444 0.513 0.495 0.473 0.512 0.547 0.561 0.572 0.526 0.475 0.383 0.292 0.220 0.152 0.117 0.086 0.031 -0.024 -0.011 0.011
s 1.675 3 5 0.095 0.194 0.257 0.254 0.247 0.242 0.243 0.241 0.240 0.242 0.237 0.237 0.253 0.276 0.317 0.353 0.359 0.336 0.319 0.320 0.305 0.234 0.162 0.083 0.000 0.120 0.391 0.998 1.771 2.518 3.222 3.945 4.617 5.237 5.407 5.533 5.449 5.315 5.106 4.814 4.506 4.152 3.806 3.441 3.107 2.712 2.242 1.860 1.523
s 0.333 5 5 1.688 1.205 0.841 0.579 0.463 0.392 0.314 0.252 0.195 0.141 0.156 0.211 0.295 0.388 0.463 0.510 0.486 0.462 0.426 0.375 0.320 0.231 0.126 0.033 0.000 -0.003 0.012 0.073 0.134 0.170 0.225 0.283 0.345 0.374 0.381 0.370 0.341 0.313 0.303 0.291 0.260 0.204 0.150 0.108 0.093 0.106 0.261 0.515 0.847
s 0.783 2 9 0.180 0.149 0.131 0.154 0.142 0.108 0.164 0.216 0.245 0.279 0.329 0.339 0.294 0.335 0.402 0.431 0.476 0.524 0.551 0.570 0.485 0.322 0.136 0.029 0.000 0.089 0.214 0.345 0.442 0.563 0.725 0.901 1.123 1.385 1.633 1.819 1.902 1.958 1.974 1.955 1.915 1.834 1.705 1.543 1.413 1.333 1.278 1.244 1.209
s 0.488 4 7 0.676 0.682 0.651 0.558 0.465 0.464 0.558 0.661 0.730 0.794 0.814 0.819 0.831 0.850 0.871 0.894 0.869 0.867 0.818 0.785 0.552 0.304 0.139 0.006 0.000 0.048 0.081 0.104 0.139 0.166 0.217 0.368 0.505 0.601 0.733 0.845 0.985 0.933 0.846 0.587 0.325 0.222 0.133 0.172 0.286 0.355 0.386 0.394 0.376
s 1.308 10 3 1.624 1.721 1.891 2.058 2.196 2.328 2.449 2.568 2.575 2.515 2.402 2.245 2.107 2.019 1.877 1.675 1.473 1.185 0.900 0.664 0.451 0.277 0.114 0.043 0.000 0.047 0.139 0.350 0.572 0.657 0.700 0.719 0.728 0.725 0.711 0.687 0.674 0.679 0.687 0.643 0.495 0.351 0.293 0.289 0.397 0.521 0.510 0.487 0.420
s 0.506 5 9 0.320 0.281 0.231 0.229 0.247 0.247 0.254 0.255 0.268 0.292 0.313 0.333 0.398 0.494 0.606 0.667 0.601 0.419 0.256 0.212 0.146 0.085 0.044 0.025 0.000 0.045 0.128 0.204 0.243 0.297 0.351 0.436 0.563 0.658 0.707 0.736 0.767 0.782 0.783 0.782 0.772 0.759 0.752 0.741 0.735 0.755 0.771 0.778 0.784
s 0.737 9 6 0.940 0.916 0.875 0.824 0.779 0.742 0.752 0.906 1.121 1.443 1.687 1.642 1.513 1.304 1.016 0.752 0.539 0.363 0.305 0.238 0.181 0.131 0.082 0.038 0.000 -0.020 -0.042 -0.033 0.027 0.273 0.595 0.835 0.881 0.859 0.796 0.729 0.649 0.589 0.557 0.548 0.538 0.544 0.565 0.583 0.600 0.617 0.665 0.775 0.953
s 2.251 8 7 3.279 3.445 3.555 3.634 3.728 3.854 4.015 4.187 4.340 4.460 4.595 4.699 4.746 4.568 4.258 3.652 3.031 2.438 1.827 1.324 0.834 0.444 0.116 0.007 0.000 0.051 0.116 0.234 0.370 0.491 0.587 0.648 0.684 0.732 0.762 0.794 0.824 0.847 0.846 0.849 0.850 0.848 0.850 0.845 0.775 0.663 0.578 0.552 0.568
s 0.577 2 15 -0.066 -0.054 -0.039 0.003 0.053 0.135 0.222 0.319 0.419 0.480 0.530 0.552 0.560 0.570 0.575 0.574 0.569 0.564 0.565 0.567 0.457 0.320 0.181 0.053 0.000 0.047 0.089 0.167 0.212 0.193 0.206 0.230 0.264 0.305 0.358 0.459 0.582 0.713 0.840 0.932 0.994 1.045 1.076 1.101 1.129 1.150 1.138 1.100 1.028
s 1.729 11 6 1.769 1.658 1.567 1.505 1.438 1.376 1.309 1.282 1.258 1.245 1.235 1.223 1.198 1.169 1.125 1.062 0.985 0.901 0.832 0.737 0.333 -0.050 -0.098 -0.075 0.000 0.090 0.266 0.545 0.967 1.466 1.789 1.837 1.869 1.875 1.878 1.881 1.865 1.861 1.857 1.870 1.887 1.902 1.928 1.964 2.019 2.070 2.118 2.172 2.216
s 2.609 11 8 3.888 3.822 3.733 3.640 3.549 3.459 3.367 3.274 3.202 3.146 3.088 3.038 2.981 2.901 2.774 2.610 2.243 1.799 1.304 0.848 0.434 0.209 0.094 0.031 0.000 0.022 0.105 0.222 0.495 0.866 1.159 1.307 1.391 1.512 1.661 1.793 1.885 1.951 1.960 1.914 1.844 1.786 1.747 1.707 1.669 1.643 1.640 1.633 1.660
s 0.401 10 10 0.643 0.528 0.381 0.165 0.003 0.045 0.080 0.146 0.220 0.297 0.376 0.407 0.369 0.305 0.155 0.017 -0.010 -0.026 -0.024 -0.020 -0.015 -0.009 -0.004 -0.003 0.000 0.007 0.014 0.021 0.028 0.031 0.031 0.054 0.126 0.321 0.632 0.869 0.886 0.871 0.841 0.805 0.770 0.737 0.705 0.672 0.636 0.615 0.595 0.593 0.597
s 2.189 13 7 3.359 3.346 3.330 3.310 3.290 3.278 3.272 3.255 3.222 3.184 2.996 2.721 2.392 1.903 1.520 1.333 1.149 0.946 0.728 0.471 0.180 0.113 0.022 0.011 0.000 0.040 0.064 0.246 0.503 0.686 0.807 0.876 0.919 0.972 0.981 0.991 1.016 1.045 1.077 1.109 1.054 0.952 0.950 0.986 1.089 1.243 1.442 1.680 1.855
s 2.080 15 5 2.541 2.723 2.870 2.880 2.884 2.917 2.939 2.845 2.717 2.511 2.285 2.004 1.739 1.533 1.310 1.034 0.772 0.485 0.203 0.152 0.109 0.067 0.012 0.002 0.000 0.095 0.216 0.550 0.969 1.261 1.484 1.588 1.634 1.658 1.667 1.667 1.664 1.659 1.637 1.566 1.439 1.344 1.308 1.290 1.293 1.201 0.967 0.757 0.598
s 1.914 13 7 1.510 1.489 1.480 1.478 1.492 1.511 1.513 1.505 1.454 1.440 1.329 1.213 1.041 0.840 0.700 0.603 0.487 0.357 0.251 0.209 0.175 0.110 0.023 0.025 0.000 0.191 0.427 0.693 1.125 1.515 1.744 1.994 2.057 2.127 2.207 2.300 2.361 2.414 2.416 2.391 2.371 2.335 2.313 2.325 2.359 2.374 2.372 2.335 2.318
s 0.779 5 16 1.173 1.201 1.225 1.230 1.224 1.233 1.271 1.316 1.377 1.432 1.467 1.488 1.509 1.536 1.561 1.585 1.606 1.556 1.408 1.137 0.657 0.210 0.065 0.003 0.000 0.016 0.032 0.047 0.064 0.082 0.100 0.118 0.135 0.153 0.173 0.190 0.204 0.218 0.233 0.249 0.265 0.281 0.297 0.313 0.329 0.344 0.358 0.372 0.388
s 0.430 5 16 0.129 0.164 0.200 0.228 0.253 0.270 0.284 0.311 0.342 0.363 0.381 0.411 0.445 0.491 0.540 0.574 0.602 0.558 0.491 0.257 -0.028 -0.079 -0.058 -0.030 0.000 0.030 0.061 0.091 0.121 0.152 0.182 0.212 0.243 0.273 0.303 0.333 0.364 0.394 0.424 0.455 0.485 0.515 0.546 0.576 0.606 0.637 0.667 0.697 0.728
s 0.822 5 16 1.096 1.117 1.144 1.153 1.176 1.173 1.158 1.166 1.190 1.214 1.229 1.247 1.262 1.281 1.341 1.385 1.456 1.520 1.406 1.186 0.731 0.213 -0.025 -0.018 0.000 0.027 0.055 0.078 0.103 0.131 0.159 0.180 0.202 0.226 0.251 0.275 0.298 0.321 0.345 0.368 0.392 0.415 0.438 0.462 0.486 0.508 0.533 0.560 0.586
s 1.478 12 9 1.715 1.803 1.883 1.963 2.020 2.063 2.094 2.127 2.140 2.140 2.114 2.046 1.807 1.282 0.724 0.183 -0.212 -0.236 -0.241 -0.202 -0.162 -0.122 -0.080 -0.039 0.000 0.046 0.093 0.234 0.398 0.540 0.659 0.693 0.718 0.779 0.849 0.888 0.901 0.858 0.790 0.752 0.745 0.797 0.937 1.054 1.104 1.096 0.981 0.895 0.878
s 3.077 7 14 3.258 3.295 3.366 3.480 3.575 3.651 3.740 3.761 3.798 3.865 3.952 4.052 4.148 4.133 4.052 3.853 3.573 3.125 2.574 1.931 1.154 0.531 0.131 -0.083 0.000 0.115 0.338 0.557 0.824 1.065 1.253 1.439 1.580 1.723 1.771 1.839 1.912 1.998 2.143 2.301 2.435 2.579 2.688 2.787 2.779 2.732 2.517 2.190 2.044
s 1.160 16 5 0.934 0.896 0.859 0.821 0.780 0.739 0.701 0.663 0.626 0.590 0.554 0.514 0.471 0.430 0.394 0.357 0.318 0.278 0.238 0.198 0.157 0.117 0.078 0.039 0.000 -0.005 0.137 0.347 0.863 1.298 1.307 1.300 1.216 1.123 0.969 0.829 0.767 0.710 0.694 0.683 0.724 0.779 1.084 1.382 1.541 1.693 1.714 1.733 1.722
s 0.779 5 16 1.173 1.201 1.225 1.230 1.224 1.233 1.271 1.316 1.377 1.432 1.467 1.488 1.509 1.536 1.561 1.585 1.606 1.556 1.408 1.137 0.657 0.210 0.065 0.003 0.000 0.016 0.032 0.047 0.064 0.082 0.100 0.118 0.135 0.153 0.173 0.190 0.204 0.218 0.233 0.249 0.265 0.281 0.297 0.313 0.329 0.344 0.358 0.372 0.388
s 1.683 12 10 2.127 2.088 2.032 1.947 1.875 1.829 1.782 1.731 1.682 1.657 1.631 1.593 1.546 1.449 1.242 0.954 0.638 0.336 0.218 0.145 0.104 0.078 0.055 0.019 0.000 0.005 0.008 -0.005 -0.007 0.092 0.244 0.544 0.866 1.169 1.451 1.615 1.642 1.635 1.596 1.555 1.532 1.503 1.488 1.482 1.482 1.486 1.492 1.517 1.540
s 1.207 4 18 0.364 0.369 0.399 0.435 0.465 0.505 0.555 0.602 0.682 0.777 0.862 0.956 1.045 1.143 1.271 1.399 1.530 1.544 1.505 1.167 0.634 0.202 0.044 0.010 0.000 0.062 0.141 0.209 0.265 0.321 0.377 0.433 0.498 0.590 0.707 0.833 0.965 1.127 1.300 1.385 1.425 1.504 1.649 1.804 1.949 2.094 2.209 2.300 2.407
s 0.920 16 6 0.620 0.594 0.569 0.544 0.520 0.495 0.470 0.445 0.418 0.390 0.362 0.336 0.310 0.283 0.257 0.232 0.208 0.183 0.158 0.134 0.106 0.079 0.053 0.026 0.000 -0.022 -0.036 0.100 0.489 0.953 1.219 1.244 1.162 1.071 1.062 1.127 1.199 1.262 1.310 1.342 1.334 1.335 1.330 1.321 1.320 1.316 1.308 1.270 1.200
s 0.773 6 16 1.125 1.129 1.141 1.168 1.201 1.229 1.253 1.278 1.301 1.310 1.308 1.314 1.327 1.334 1.333 1.347 1.369 1.332 1.196 0.902 0.429 0.041 -0.031 -0.016 0.000 0.017 0.034 0.052 0.069 0.086 0.103 0.120 0.138 0.155 0.172 0.189 0.206 0.224 0.241 0.258 0.275 0.293 0.310 0.327 0.344 0.361 0.379 0.396 0.413
s 0.790 6 16 1.179 1.205 1.221 1.204 1.189 1.186 1.199 1.224 1.257 1.287 1.345 1.407 1.463 1.512 1.540 1.536 1.514 1.293 1.001 0.667 0.333 0.065 0.013 -0.015 0.000 0.018 0.037 0.056 0.074 0.093 0.111 0.130 0.151 0.172 0.192 0.213 0.233 0.253 0.271 0.289 0.306 0.322 0.340 0.358 0.377 0.396 0.414 0.431 0.449
s 1.064 16 6 0.613 0.587 0.561 0.536 0.510 0.485 0.459 0.434 0.408 0.383 0.357 0.332 0.306 0.281 0.256 0.230 0.204 0.179 0.153 0.128 0.102 0.077 0.051 0.026 0.000 -0.011 -0.021 0.412 0.843 1.123 1.404 1.335 1.266 1.143 1.021 0.921 0.821 0.842 0.863 0.867 0.871 0.959 1.046 1.332 1.618 1.794 1.971 1.977 1.984
s 1.002 8 14 0.946 0.914 0.884 0.865 0.836 0.785 0.749 0.815 0.927 1.096 1.235 1.267 1.211 1.121 0.979 0.850 0.733 0.618 0.518 0.418 0.302 0.184 0.091 0.038 0.000 -0.037 -0.071 -0.068 -0.002 0.054 0.205 0.339 0.463 0.566 0.642 0.711 0.777 0.862 0.942 0.992 1.031 1.077 1.100 1.121 1.140 1.157 1.167 1.166 1.164
s 1.883 10 12 1.596 1.907 2.239 2.621 2.994 3.213 3.408 3.415 3.413 3.381 3.338 3.220 3.086 2.843 2.588 2.297 1.998 1.653 1.308 0.922 0.546 0.313 0.097 0.047 0.000 -0.029 -0.059 -0.080 -0.100 -0.101 -0.102 -0.075 -0.044 0.123 0.295 0.491 0.682 0.825 0.967 0.972 0.972 0.939 0.901 0.836 0.771 0.760 0.751 0.741 0.734
s 1.761 15 7 0.956 0.949 0.967 1.036 1.116 1.168 1.179 1.160 1.108 0.910 0.695 0.625 0.563 0.597 0.608 0.601 0.620 0.681 0.779 0.768 0.719 0.594 0.418 0.192 0.000 0.132 0.492 0.919 1.341 1.616 1.772 1.984 2.332 2.653 2.745 2.837 2.755 2.674 2.635 2.607 2.603 2.595 2.548 2.500 2.415 2.318 2.230 2.130 1.841
s 1.064 16 6 0.613 0.587 0.561 0.536 0.510 0.485 0.459 0.434 0.408 0.383 0.357 0.332 0.306 0.281 0.256 0.230 0.204 0.179 0.153 0.128 0.102 0.077 0.051 0.026 0.000 -0.011 -0.021 0.412 0.843 1.123 1.404 1.335 1.266 1.143 1.021 0.921 0.821 0.842 0.863 0.867 0.871 0.959 1.046 1.332 1.618 1.794 1.971 1.977 1.984
s 0.790 6 16 1.179 1.205 1.221 1.204 1.189 1.186 1.199 1.224 1.257 1.287 1.345 1.407 1.463 1.512 1.540 1.536 1.514 1.293 1.001 0.667 0.333 0.065 0.013 -0.015 0.000 0.018 0.037 0.056 0.074 0.093 0.111 0.130 0.151 0.172 0.192 0.213 0.233 0.253 0.271 0.289 0.306 0.322 0.340 0.358 0.377 0.396 0.414 0.431 0.449
s 1.017 5 17 1.273 1.268 1.267 1.267 1.269 1.248 1.227 1.213 1.202 1.206 1.215 1.225 1.239 1.258 1.275 1.294 1.314 1.333 1.251 1.125 0.711 0.300 0.114 0.008 0.000 0.038 0.077 0.115 0.153 0.192 0.230 0.269 0.307 0.345 0.384 0.422 0.460 0.499 0.537 0.575 0.614 0.652 0.691 0.729 0.767 0.806 0.844 0.882 0.921
s 0.911 6 16 1.064 1.080 1.096 1.110 1.125 1.106 1.088 1.070 1.053 1.072 1.091 1.079 1.068 1.071 1.073 1.059 1.045 0.968 0.888 0.605 0.323 0.132 -0.059 -0.029 0.000 0.037 0.073 0.110 0.147 0.183 0.220 0.257 0.293 0.330 0.366 0.403 0.440 0.476 0.513 0.550 0.586 0.623 0.660 0.696 0.733 0.770 0.806 0.843 0.879
s 0.874 19 3 1.132 1.043 0.951 0.851 0.743 0.643 0.562 0.475 0.370 0.259 0.182 0.106 0.113 0.147 0.204 0.273 0.350 0.433 0.404 0.109 -0.182 -0.237 -0.234 -0.118 0.000 0.281 0.644 1.058 1.426 1.617 1.683 1.739 1.784 1.811 1.778 1.732 1.670 1.604 1.519 1.437 1.318 1.181 1.083 1.006 0.959 0.948 0.951 0.996 1.039
s 1.598 12 11 1.643 1.605 1.572 1.535 1.506 1.491 1.488 1.496 1.501 1.476 1.442 1.366 1.257 1.143 1.040 0.896 0.624 0.350 0.206 0.095 0.060 0.029 0.010 -0.001 0.000 0.008 0.014 0.022 0.039 0.088 0.171 0.419 0.765 1.085 1.340 1.500 1.575 1.612 1.613 1.619 1.633 1.648 1.664 1.682 1.692 1.692 1.693 1.696 1.690
s 0.537 7 16 0.503 0.512 0.531 0.561 0.595 0.633 0.672 0.714 0.753 0.788 0.827 0.873 0.919 0.968 1.005 1.018 0.903 0.510 0.184 0.031 -0.077 -0.064 -0.046 -0.023 0.000 0.024 0.047 0.075 0.101 0.124 0.147 0.171 0.195 0.218 0.241 0.266 0.290 0.315 0.340 0.365 0.390 0.412 0.435 0.457 0.479 0.503 0.527 0.550 0.572
s 0.768 7 16 1.006 1.028 1.062 1.113 1.179 1.232 1.261 1.280 1.255 1.207 1.174 1.175 1.211 1.234 1.254 1.234 1.130 0.959 0.743 0.486 0.233 0.053 -0.031 -0.016 0.000 0.018 0.035 0.054 0.073 0.092 0.112 0.133 0.153 0.173 0.190 0.208 0.226 0.239 0.253 0.269 0.286 0.304 0.322 0.339 0.357 0.376 0.394 0.409 0.423
s 0.814 7 16 1.066 1.092 1.127 1.160 1.186 1.201 1.210 1.226 1.255 1.287 1.336 1.398 1.453 1.498 1.541 1.446 1.300 1.073 0.845 0.620 0.371 0.128 0.025 -0.018 0.000 0.023 0.046 0.068 0.089 0.110 0.131 0.153 0.175 0.196 0.216 0.239 0.266 0.291 0.314 0.338 0.359 0.380 0.401 0.422 0.443 0.463 0.483 0.503 0.526
s 1.612 7 16 2.399 2.392 2.404 2.415 2.459 2.499 2.505 2.507 2.514 2.549 2.585 2.613 2.626 2.610 2.559 2.479 2.366 2.067 1.576 0.840 0.235 -0.086 -0.075 -0.038 0.000 0.040 0.080 0.119 0.157 0.195 0.233 0.270 0.307 0.344 0.382 0.421 0.461 0.500 0.539 0.577 0.615 0.653 0.691 0.729 0.766 0.806 0.856 1.001 1.273
s 1.438 7 16 2.383 2.134 2.030 1.956 1.986 2.034 2.123 2.218 2.292 2.361 2.372 2.370 2.302 2.218 2.152 2.092 1.927 1.737 1.231 0.647 0.282 -0.022 -0.063 -0.035 0.000 0.038 0.075 0.113 0.150 0.188 0.226 0.264 0.301 0.339 0.376 0.414 0.452 0.489 0.527 0.565 0.603 0.640 0.678 0.715 0.753 0.790 0.989 1.257 1.722
s 0.303 7 16 0.428 0.259 0.216 0.192 0.204 0.225 0.247 0.265 0.281 0.298 0.312 0.322 0.333 0.345 0.358 0.373 0.362 0.294 0.184 0.050 -0.042 -0.037 -0.023 -0.012 0.000 0.019 0.036 0.054 0.071 0.089 0.108 0.126 0.144 0.162 0.179 0.197 0.214 0.232 0.249 0.268 0.288 0.307 0.324 0.341 0.359 0.378 0.397 0.416 0.431
s 0.818 16 7 0.439 0.405 0.386 0.368 0.351 0.339 0.328 0.310 0.293 0.275 0.258 0.240 0.223 0.204 0.183 0.162 0.144 0.127 0.109 0.092 0.075 0.059 0.042 0.022 0.000 -0.018 -0.035 -0.016 0.032 0.283 0.729 1.147 1.366 1.512 1.500 1.490 1.479 1.452 1.404 1.358 1.325 1.316 1.318 1.300 1.285 1.266 1.241 1.232 1.231
s 0.482 16 7 0.822 0.788 0.754 0.720 0.686 0.652 0.618 0.584 0.550 0.515 0.481 0.447 0.413 0.379 0.345 0.311 0.277 0.243 0.209 0.175 0.141 0.106 0.070 0.035 0.000 -0.034 -0.067 -0.099 -0.112 -0.045 0.098 0.230 0.308 0.334 0.300 0.256 0.221 0.195 0.160 0.095 0.035 0.007 0.030 0.089 0.278 0.479 0.669 0.825 0.986
s 0.373 15 8 0.655 0.662 0.673 0.659 0.641 0.625 0.597 0.570 0.545 0.524 0.507 0.458 0.365 0.255 0.163 0.114 0.101 0.090 0.078 0.065 0.053 0.040 0.026 0.013 0.000 -0.012 -0.022 -0.031 -0.041 -0.050 -0.057 0.009 0.099 0.196 0.228 0.241 0.248 0.245 0.225 0.192 0.162 0.144 0.136 0.128 0.105 0.077 0.051 0.044 0.038
s 0.925 14 9 0.976 0.901 0.864 0.959 1.033 1.035 1.021 0.950 0.881 0.821 0.769 0.743 0.712 0.664 0.622 0.597 0.576 0.561 0.547 0.531 0.496 0.389 0.270 0.115 0.000 0.033 0.064 0.085 0.114 0.182 0.277 0.475 0.652 0.750 0.834 0.860 0.884 0.902 0.916 0.924 0.923 0.888 0.858 0.861 0.865 0.891 0.915 0.951 0.991
s 2.382 18 5 3.539 3.456 3.381 3.293 3.128 2.904 2.622 2.242 1.833 1.487 1.428 1.356 1.355 1.397 1.395 1.270 1.096 0.881 0.684 0.574 0.449 0.297 0.164 0.066 0.000 0.066 0.254 0.492 0.981 1.461 1.840 2.029 2.088 2.080 2.054 2.008 1.940 1.865 1.781 1.712 1.658 1.607 1.562 1.530 1.555 1.636 1.828 2.095 2.390
s 1.438 7 16 2.383 2.134 2.030 1.956 1.986 2.034 2.123 2.218 2.292 2.361 2.372 2.370 2.302 2.218 2.152 2.092 1.927 1.737 1.231 0.647 0.282 -0.022 -0.063 -0.035 0.000 0.038 0.075 0.113 0.150 0.188 0.226 0.264 0.301 0.339 0.376 0.414 0.452 0.489 0.527 0.565 0.603 0.640 0.678 0.715 0.753 0.790 0.989 1.257 1.722
s 0.811 7 16 1.060 1.119 1.137 1.145 1.156 1.165 1.177 1.194 1.223 1.281 1.336 1.393 1.445 1.449 1.447 1.319 1.134 0.939 0.749 0.512 0.249 0.036 -0.010 -0.023 0.000 0.023 0.046 0.069 0.093 0.118 0.143 0.167 0.191 0.214 0.237 0.260 0.283 0.306 0.329 0.352 0.374 0.396 0.419 0.442 0.465 0.488 0.511 0.535 0.560
s 1.612 7 16 2.399 2.392 2.404 2.415 2.459 2.499 2.505 2.507 2.514 2.549 2.585 2.613 2.626 2.610 2.559 2.479 2.366 2.067 1.576 0.840 0.235 -0.086 -0.075 -0.038 0.000 0.040 0.080 0.119 0.157 0.195 0.233 0.270 0.307 0.344 0.382 0.421 0.461 0.500 0.539 0.577 0.615 0.653 0.691 0.729 0.766 0.806 0.856 1.001 1.273
s 1.060 6 17 1.292 1.315 1.339 1.369 1.409 1.454 1.483 1.498 1.508 1.513 1.521 1.536 1.552 1.555 1.553 1.539 1.513 1.439 1.294 1.093 0.699 0.288 0.124 0.003 0.000 0.036 0.071 0.107 0.142 0.178 0.213 0.249 0.284 0.320 0.356 0.391 0.427 0.462 0.498 0.533 0.569 0.604 0.640 0.676 0.711 0.747 0.782 0.818 0.853
s 0.766 6 17 0.931 0.897 0.868 0.847 0.834 0.827 0.829 0.840 0.864 0.887 0.909 0.936 0.968 0.996 1.013 1.027 1.035 0.990 0.857 0.636 0.270 0.018 -0.023 -0.034 0.000 0.034 0.069 0.103 0.137 0.171 0.206 0.240 0.274 0.308 0.343 0.377 0.411 0.446 0.480 0.514 0.548 0.583 0.617 0.651 0.685 0.720 0.754 0.788 0.823
s 2.753 18 5 3.185 3.164 3.116 3.007 2.848 2.657 2.427 2.190 1.941 1.688 1.441 1.197 1.004 0.823 0.671 0.536 0.485 0.508 0.575 0.690 0.718 0.477 0.195 0.059 0.000 0.324 0.723 1.322 1.911 2.213 2.380 2.529 2.663 2.787 2.892 2.981 3.015 3.040 3.051 3.053 3.021 2.975 2.888 2.784 2.657 2.511 2.377 2.264 2.152
s 0.889 16 8 0.618 0.595 0.574 0.552 0.526 0.499 0.473 0.449 0.422 0.394 0.370 0.342 0.313 0.287 0.260 0.235 0.209 0.184 0.158 0.133 0.108 0.081 0.053 0.027 0.000 -0.028 -0.053 -0.080 -0.099 -0.056 0.159 0.593 1.079 1.233 1.362 1.416 1.396 1.385 1.373 1.369 1.363 1.353 1.334 1.296 1.252 1.188 1.116 1.058 1.022
s 0.867 16 8 0.529 0.507 0.485 0.464 0.443 0.421 0.399 0.377 0.355 0.333 0.311 0.289 0.268 0.245 0.223 0.200 0.178 0.155 0.133 0.111 0.089 0.067 0.044 0.022 0.000 -0.022 -0.044 -0.062 -0.080 0.061 0.257 0.626 1.064 1.324 1.496 1.508 1.450 1.408 1.374 1.351 1.339 1.344 1.354 1.332 1.291 1.236 1.172 1.121 1.082
s 1.692 8 16 2.469 2.534 2.569 2.583 2.596 2.596 2.592 2.595 2.609 2.635 2.696 2.763 2.811 2.812 2.804 2.693 2.336 1.841 1.190 0.626 0.226 -0.019 -0.068 -0.036 0.000 0.039 0.081 0.122 0.161 0.201 0.240 0.280 0.319 0.358 0.397 0.435 0.475 0.515 0.556 0.595 0.634 0.674 0.713 0.753 0.792 0.831 0.872 0.913 0.954
s 2.790 8 16 3.665 3.712 3.749 3.777 3.799 3.816 3.841 3.880 3.916 3.944 3.971 3.985 3.990 3.988 3.993 3.848 3.601 3.009 2.124 1.263 0.504 -0.006 -0.095 -0.089 0.000 0.089 0.178 0.267 0.356 0.446 0.535 0.624 0.713 0.803 0.893 0.982 1.071 1.160 1.249 1.337 1.426 1.515 1.604 1.693 1.782 1.873 1.965 2.131 2.335
s 0.961 17 7 1.049 1.011 0.943 0.846 0.737 0.686 0.659 0.618 0.572 0.527 0.484 0.421 0.348 0.273 0.192 0.152 0.135 0.118 0.101 0.084 0.068 0.051 0.034 0.017 0.000 -0.015 -0.028 -0.012 0.031 0.306 0.782 1.129 1.344 1.423 1.387 1.354 1.323 1.299 1.281 1.265 1.250 1.234 1.216 1.199 1.184 1.167 1.146 1.127 1.109
s 0.789 5 19 0.942 0.899 0.916 0.934 0.936 0.942 0.974 1.009 1.016 1.013 1.016 1.024 1.023 1.016 1.006 0.992 0.973 0.949 0.925 0.904 0.749 0.450 0.208 0.066 0.000 0.018 0.036 0.054 0.072 0.091 0.110 0.129 0.148 0.167 0.186 0.205 0.229 0.313 0.395 0.437 0.481 0.475 0.468 0.550 0.636 0.695 0.751 0.787 0.820
s 0.910 9 15 1.030 1.051 1.071 1.088 1.106 1.120 1.133 1.145 1.159 1.175 1.200 1.227 1.249 1.256 1.257 1.103 0.754 0.365 0.038 -0.061 -0.062 -0.049 -0.033 -0.016 0.000 0.016 0.033 0.049 0.066 0.082 0.098 0.115 0.131 0.147 0.164 0.181 0.200 0.228 0.401 0.576 0.684 0.709 0.715 0.702 0.695 0.713 0.735 0.759 0.767
s 0.286 4 20 -0.184 -0.116 -0.041 0.069 0.187 0.211 0.196 0.185 0.189 0.210 0.240 0.264 0.275 0.284 0.296 0.309 0.327 0.351 0.319 0.261 0.193 0.102 0.028 0.009 0.000 0.042 0.073 0.151 0.241 0.245 0.239 0.229 0.220 0.215 0.209 0.193 0.160 0.125 0.100 0.068 0.084 0.136 0.202 0.287 0.387 0.472 0.492 0.472 0.443
s 1.515 17 7 1.246 1.272 1.259 1.221 1.194 1.136 1.055 0.981 0.942 0.894 0.812 0.686 0.550 0.476 0.481 0.484 0.516 0.516 0.450 0.396 0.297 0.173 0.066 0.010 0.000 0.016 0.158 0.431 0.714 1.009 1.333 1.669 1.891 1.954 1.990 1.997 1.977 1.958 1.944 1.943 1.936 1.923 1.904 1.876 1.836 1.783 1.683 1.526 1.344
s 1.848 8 16 2.889 3.048 3.195 3.251 3.295 3.343 3.393 3.437 3.480 3.510 3.534 3.554 3.570 3.518 3.426 3.185 2.858 2.286 1.531 0.875 0.301 -0.000 -0.020 -0.020 0.000 0.020 0.040 0.060 0.081 0.102 0.122 0.142 0.162 0.182 0.202 0.222 0.243 0.264 0.284 0.303 0.323 0.342 0.362 0.381 0.402 0.422 0.485 0.559 1.044
s 1.692 8 16 2.469 2.534 2.569 2.583 2.596 2.596 2.592 2.595 2.609 2.635 2.696 2.763 2.811 2.812 2.804 2.693 2.336 1.841 1.190 0.626 0.226 -0.019 -0.068 -0.036 0.000 0.039 0.081 0.122 0.161 0.201 0.240 0.280 0.319 0.358 0.397 0.435 0.475 0.515 0.556 0.595 0.634 0.674 0.713 0.753 0.792 0.831 0.872 0.913 0.954
s 3.318 12 12 3.755 3.749 3.735 3.699 3.656 3.620 3.578 3.533 3.474 3.402 3.275 3.139 3.003 2.860 2.591 2.267 1.883 1.475 1.127 0.864 0.641 0.461 0.277 0.124 0.000 0.048 0.133 0.341 0.572 0.801 1.025 1.242 1.462 1.688 1.928 2.163 2.405 2.642 2.782 2.882 2.907 2.919 2.925 2.950 2.980 3.014 3.049 3.085 3.129
s 1.558 15 10 1.668 1.708 1.729 1.708 1.702 1.743 1.782 1.806 1.755 1.443 1.131 0.861 0.621 0.504 0.389 0.276 0.179 0.141 0.108 0.096 0.083 0.064 0.044 0.022 0.000 0.004 0.009 0.003 -0.001 0.002 0.011 0.119 0.222 0.878 1.521 1.643 1.794 1.741 1.685 1.608 1.529 1.483 1.440 1.409 1.378 1.359 1.341 1.359 1.386
s 0.526 9 16 -0.098 -0.044 0.008 0.324 0.664 0.794 0.906 0.918 0.921 0.967 1.015 1.054 1.090 1.104 1.100 0.726 0.287 0.071 -0.084 -0.094 -0.077 -0.057 -0.037 -0.019 0.000 0.019 0.038 0.057 0.076 0.096 0.115 0.135 0.156 0.176 0.195 0.214 0.233 0.251 0.268 0.289 0.313 0.333 0.351 0.369 0.387 0.404 0.419 0.438 0.459
s 0.912 9 16 1.102 1.153 1.210 1.255 1.292 1.320 1.340 1.350 1.356 1.366 1.377 1.406 1.456 1.469 1.396 1.213 0.797 0.380 0.104 -0.088 -0.087 -0.078 -0.052 -0.026 0.000 0.026 0.053 0.080 0.107 0.134 0.161 0.188 0.216 0.243 0.270 0.296 0.322 0.348 0.374 0.400 0.427 0.453 0.479 0.505 0.532 0.558 0.584 0.610 0.636
s 0.470 8 17 0.648 0.637 0.593 0.548 0.476 0.408 0.437 0.467 0.552 0.636 0.693 0.750 0.807 0.863 0.891 0.911 0.586 0.263 0.082 -0.096 -0.077 -0.058 -0.038 -0.019 0.000 0.019 0.040 0.060 0.079 0.098 0.118 0.137 0.156 0.175 0.196 0.216 0.235 0.255 0.274 0.293 0.312 0.331 0.352 0.372 0.391 0.410 0.429 0.449 0.468
s 1.480 8 17 2.286 2.337 2.387 2.425 2.447 2.474 2.512 2.557 2.601 2.643 2.681 2.686 2.698 2.702 2.701 2.559 2.312 1.918 1.408 0.880 0.359 -0.028 -0.033 -0.025 0.000 0.026 0.051 0.077 0.102 0.128 0.154 0.179 0.205 0.231 0.256 0.282 0.307 0.333 0.359 0.384 0.410 0.435 0.461 0.487 0.512 0.538 0.564 0.589 0.615
s 0.438 8 17 0.392 0.418 0.447 0.460 0.462 0.466 0.457 0.423 0.394 0.415 0.451 0.501 0.550 0.575 0.595 0.534 0.415 0.234 0.032 -0.095 -0.082 -0.064 -0.042 -0.021 0.000 0.021 0.043 0.064 0.086 0.109 0.131 0.153 0.174 0.195 0.216 0.236 0.256 0.277 0.298 0.320 0.341 0.363 0.385 0.407 0.430 0.453 0.474 0.496 0.556
s 1.409 8 17 1.935 1.951 1.983 2.019 2.058 2.092 2.128 2.172 2.217 2.257 2.292 2.324 2.358 2.393 2.334 2.169 1.841 1.221 0.660 0.275 -0.021 -0.054 -0.076 -0.038 0.000 0.038 0.076 0.114 0.152 0.190 0.228 0.266 0.304 0.342 0.380 0.418 0.456 0.494 0.532 0.570 0.608 0.646 0.684 0.722 0.760 0.798 0.836 0.892 0.993
s 0.803 8 17 1.161 1.187 1.226 1.260 1.278 1.302 1.332 1.356 1.372 1.389 1.404 1.370 1.323 1.281 1.245 1.178 1.103 1.010 0.853 0.761 0.471 0.160 0.007 0.004 0.000 0.016 0.032 0.050 0.068 0.085 0.101 0.117 0.133 0.150 0.166 0.186 0.205 0.219 0.230 0.246 0.262 0.279 0.295 0.312 0.328 0.348 0.401 0.475 0.565
s 0.835 8 17 1.168 1.197 1.226 1.235 1.242 1.274 1.308 1.363 1.421 1.461 1.498 1.528 1.557 1.560 1.559 1.367 1.133 0.604 0.029 -0.071 -0.080 -0.064 -0.043 -0.021 0.000 0.021 0.043 0.064 0.086 0.107 0.129 0.150 0.171 0.192 0.214 0.235 0.257 0.278 0.300 0.321 0.342 0.363 0.385 0.406 0.428 0.450 0.471 0.498 0.527
s 0.880 9 16 1.330 1.353 1.377 1.404 1.427 1.435 1.451 1.469 1.488 1.501 1.515 1.527 1.544 1.575 1.594 1.274 0.776 0.343 0.034 -0.077 -0.063 -0.048 -0.033 -0.017 0.000 0.017 0.033 0.050 0.067 0.083 0.100 0.116 0.133 0.149 0.167 0.185 0.202 0.219 0.235 0.252 0.268 0.285 0.301 0.318 0.334 0.349 0.365 0.387 0.424
s 1.165 6 19 1.267 1.215 1.162 1.118 1.075 1.051 1.027 0.990 0.954 0.943 0.933 0.928 0.925 0.940 0.956 0.973 0.991 1.005 1.016 0.823 0.612 0.270 -0.074 -0.050 0.000 0.053 0.107 0.161 0.214 0.268 0.322 0.381 0.440 0.494 0.547 0.601 0.654 0.707 0.760 0.813 0.867 0.920 0.973 1.107 1.255 1.342 1.419 1.490 1.562
s 1.660 18 7 1.626 1.579 1.538 1.474 1.383 1.269 1.118 1.014 0.968 0.928 0.894 0.860 0.822 0.765 0.684 0.586 0.454 0.384 0.414 0.420 0.385 0.307 0.160 0.047 0.000 0.008 0.112 0.351 0.844 1.243 1.486 1.681 1.755 1.821 1.869 1.911 1.937 1.954 1.953 1.949 1.940 1.936 1.946 1.951 1.945 1.934 1.911 1.886 1.855
s 1.021 10 15 1.108 1.072 1.038 1.023 1.008 1.000 0.991 1.019 1.044 1.073 1.102 1.085 1.064 1.007 0.943 0.726 0.501 0.379 0.267 0.181 0.102 0.043 -0.012 -0.011 0.000 0.039 0.083 0.149 0.217 0.349 0.497 0.562 0.609 0.668 0.729 0.757 0.776 0.790 0.805 0.825 0.845 0.885 0.932 0.976 1.018 1.040 1.052 1.082 1.119
s 3.210 11 14 4.067 3.997 3.941 3.884 3.807 3.727 3.616 3.503 3.443 3.403 3.348 3.293 3.191 3.090 2.982 2.882 2.605 2.205 1.683 1.075 0.593 0.201 0.018 -0.011 0.000 0.044 0.105 0.184 0.406 0.790 1.098 1.280 1.429 1.543 1.675 1.820 1.943 2.038 2.130 2.223 2.313 2.402 2.484 2.553 2.613 2.638 2.667 2.717 2.774
s 2.765 6 19 2.675 2.271 2.435 2.554 2.719 3.050 3.275 3.386 3.548 3.623 3.639 3.620 3.449 3.293 3.190 3.283 3.279 3.079 2.607 2.075 1.542 0.987 0.489 0.118 0.000 0.137 0.342 0.497 0.467 0.412 0.401 0.463 0.563 0.692 0.816 0.936 1.046 1.167 1.321 1.503 1.669 1.942 2.225 2.496 2.810 3.108 3.371 3.654 3.949
s 1.065 17 8 0.704 0.675 0.645 0.616 0.587 0.557 0.528 0.499 0.469 0.440 0.411 0.381 0.352 0.323 0.293 0.264 0.235 0.205 0.176 0.147 0.117 0.088 0.059 0.029 0.000 -0.029 -0.059 -0.088 -0.055 0.019 0.383 0.942 1.292 1.500 1.608 1.648 1.674 1.688 1.678 1.652 1.640 1.640 1.624 1.598 1.544 1.471 1.394 1.315 1.261
s 0.521 8 17 0.078 0.095 0.129 0.167 0.208 0.255 0.323 0.390 0.451 0.502 0.551 0.551 0.532 0.484 0.435 0.382 0.267 0.122 -0.017 -0.114 -0.160 -0.121 -0.078 -0.039 0.000 0.042 0.085 0.126 0.166 0.208 0.250 0.295 0.339 0.379 0.418 0.458 0.499 0.542 0.585 0.625 0.666 0.706 0.749 0.793 0.834 0.873 0.913 0.954 0.998
s 1.662 17 9 1.369 1.418 1.474 1.494 1.496 1.429 1.323 1.215 1.085 0.926 0.734 0.551 0.401 0.278 0.151 0.037 -0.043 -0.047 -0.039 -0.030 -0.027 -0.018 -0.007 -0.002 0.000 0.014 0.034 0.053 0.069 0.104 0.210 0.631 1.134 1.594 1.720 1.768 1.766 1.766 1.779 1.794 1.811 1.837 1.872 1.906 1.932 1.947 1.952 1.935 1.899
s 0.952 20 6 2.538 2.285 1.890 1.374 0.920 0.626 0.532 0.457 0.385 0.311 0.271 0.248 0.229 0.212 0.194 0.177 0.159 0.141 0.123 0.103 0.081 0.057 0.041 0.022 0.000 -0.016 -0.014 0.046 0.199 0.557 0.998 1.223 1.379 1.476 1.483 1.434 1.353 1.258 1.187 1.138 1.107 1.072 1.039 1.011 0.985 0.977 0.980 0.953 0.920
s 0.785 16 10 0.615 0.590 0.565 0.541 0.518 0.493 0.469 0.444 0.417 0.387 0.358 0.331 0.307 0.281 0.257 0.234 0.212 0.188 0.163 0.137 0.104 0.075 0.050 0.025 0.000 -0.025 -0.049 -0.071 -0.094 -0.113 0.014 0.216 0.487 0.789 1.034 1.133 1.108 1.060 0.971 0.886 0.854 0.949 1.045 1.081 1.060 1.039 1.053 1.077 1.105
s 1.629 10 16 2.065 2.202 2.303 2.382 2.443 2.509 2.584 2.657 2.724 2.778 2.805 2.813 2.779 2.630 2.128 1.533 0.720 0.029 -0.090 -0.185 -0.144 -0.104 -0.072 -0.040 0.000 0.040 0.081 0.121 0.162 0.202 0.244 0.286 0.327 0.367 0.408 0.448 0.489 0.529 0.570 0.612 0.653 0.694 0.734 0.775 0.815 0.856 0.897 0.938 0.980
s 1.772 10 16 3.184 3.171 3.091 2.996 2.825 2.660 2.577 2.504 2.470 2.435 2.443 2.449 2.479 2.514 2.366 2.216 2.189 2.162 1.908 1.621 0.935 0.235 0.076 -0.024 0.000 0.036 0.072 0.108 0.143 0.179 0.215 0.252 0.288 0.324 0.359 0.395 0.431 0.467 0.503 0.539 0.575 0.611 0.647 0.683 0.719 0.755 0.824 0.909 1.279
s 1.404 17 9 1.032 0.915 0.803 0.734 0.697 0.662 0.627 0.592 0.557 0.522 0.487 0.452 0.418 0.383 0.348 0.314 0.278 0.243 0.208 0.174 0.139 0.104 0.070 0.035 0.000 -0.035 -0.069 -0.103 -0.131 -0.139 -0.028 0.548 1.208 1.898 2.482 2.498 2.495 2.456 2.415 2.362 2.310 2.263 2.218 2.167 2.112 2.057 2.004 1.954 1.912
s 0.819 9 17 1.196 1.208 1.225 1.245 1.275 1.301 1.303 1.306 1.312 1.322 1.342 1.362 1.383 1.374 1.250 1.038 0.459 -0.018 -0.058 -0.086 -0.069 -0.052 -0.034 -0.017 0.000 0.017 0.034 0.052 0.069 0.086 0.103 0.121 0.138 0.155 0.172 0.189 0.207 0.224 0.241 0.258 0.276 0.293 0.310 0.329 0.362 0.407 0.553 0.691 0.763
s 0.932 9 17 1.324 1.334 1.355 1.374 1.379 1.387 1.403 1.408 1.360 1.315 1.295 1.295 1.394 1.471 1.393 1.283 0.964 0.671 0.691 0.707 0.472 0.229 0.096 -0.024 0.000 0.024 0.048 0.073 0.097 0.121 0.145 0.169 0.194 0.218 0.242 0.267 0.291 0.315 0.339 0.364 0.388 0.412 0.436 0.461 0.491 0.528 0.614 0.715 0.767
s 1.838 16 10 1.337 1.281 1.230 1.172 1.116 1.062 1.005 0.949 0.894 0.840 0.785 0.727 0.670 0.615 0.560 0.504 0.449 0.394 0.339 0.283 0.229 0.173 0.114 0.056 0.000 -0.055 -0.110 -0.165 -0.220 -0.255 -0.261 0.032 0.772 1.635 2.305 2.684 2.900 2.867 2.811 2.757 2.714 2.673 2.638 2.602 2.559 2.519 2.479 2.424 2.367
s 0.354 9 17 0.520 0.264 0.113 0.008 -0.022 -0.014 0.007 0.038 0.074 0.103 0.132 0.187 0.250 0.315 0.338 0.210 0.028 -0.070 -0.132 -0.111 -0.085 -0.066 -0.048 -0.025 0.000 0.027 0.055 0.079 0.102 0.128 0.157 0.185 0.211 0.236 0.261 0.289 0.320 0.352 0.405 0.469 0.530 0.572 0.601 0.622 0.669 0.757 0.894 1.054 1.129
s 2.255 12 14 1.529 1.490 1.426 1.356 1.290 1.229 1.180 1.138 1.099 1.061 1.044 1.041 1.034 1.009 0.966 0.919 0.859 0.762 0.662 0.550 0.435 0.307 0.182 0.092 0.000 -0.052 -0.102 -0.114 -0.116 0.037 0.258 0.592 0.974 1.311 1.608 1.882 2.144 2.409 2.677 2.944 3.221 3.420 3.459 3.424 3.242 3.048 2.939 2.827 2.700
s 1.650 7 19 1.675 1.719 1.769 1.827 1.899 1.989 2.084 2.189 2.287 2.369 2.432 2.443 2.425 2.335 2.222 2.041 1.845 1.594 1.314 0.897 0.518 0.252 0.024 0.003 0.000 0.116 0.229 0.407 0.582 0.684 0.783 0.844 0.890 0.794 0.716 0.676 0.631 0.675 0.715 0.771 0.828 0.925 1.031 1.209 1.401 1.553 1.700 1.774 1.850
s 1.057 9 17 1.113 0.953 0.857 0.782 0.743 0.712 0.699 0.692 0.686 0.681 0.661 0.634 0.628 0.631 0.624 0.612 0.594 0.574 0.529 0.473 0.398 0.306 0.172 0.020 0.000 0.062 0.136 0.216 0.251 0.260 0.272 0.288 0.323 0.367 0.421 0.480 0.561 0.656 0.779 0.930 1.067 1.195 1.286 1.338 1.372 1.385 1.411 1.451 1.489
s 2.208 14 12 1.822 1.784 1.801 1.837 1.851 1.830 1.773 1.693 1.620 1.549 1.460 1.383 1.314 1.232 1.160 1.106 1.048 1.010 0.979 0.829 0.561 0.319 0.180 0.051 0.000 -0.039 0.008 0.084 0.403 0.691 0.889 1.080 1.285 1.496 1.768 2.050 2.268 2.441 2.558 2.587 2.605 2.615 2.618 2.621 2.623 2.619 2.616 2.602 2.591
s 3.497 15 11 3.570 3.532 3.479 3.414 3.333 3.234 3.112 2.971 2.857 2.771 2.654 2.502 2.338 2.139 1.859 1.339 0.937 0.715 0.505 0.404 0.256 0.126 -0.023 -0.013 0.000 0.149 0.282 0.646 1.010 1.396 1.813 2.057 2.264 2.538 2.805 2.962 3.078 3.171 3.241 3.319 3.409 3.475 3.520 3.580 3.661 3.731 3.798 3.850 3.860
s 2.079 7 19 1.298 1.363 1.469 1.652 1.921 2.248 2.537 2.825 2.926 2.961 2.976 2.968 2.939 2.867 2.785 2.514 2.122 1.746 1.413 1.098 0.674 0.310 0.108 0.024 0.000 0.020 0.053 0.202 0.425 0.681 0.915 1.068 1.133 1.172 1.117 1.040 1.006 1.027 1.109 1.230 1.360 1.548 1.749 1.979 2.238 2.499 2.645 2.755 2.772
s 2.994 13 13 2.207 2.175 2.149 2.122 2.098 2.072 2.025 1.974 1.921 1.867 1.799 1.730 1.553 1.346 1.097 0.865 0.686 0.555 0.427 0.275 0.129 0.033 -0.027 -0.016 0.000 0.049 0.111 0.257 0.426 0.693 1.061 1.464 1.856 2.250 2.531 2.755 2.941 3.130 3.309 3.471 3.595 3.707 3.774 3.830 3.889 3.950 3.978 3.991 4.007
s 0.876 16 10 0.479 0.459 0.439 0.420 0.401 0.381 0.362 0.342 0.322 0.302 0.282 0.262 0.243 0.223 0.203 0.182 0.162 0.142 0.121 0.101 0.081 0.061 0.041 0.020 0.000 -0.020 -0.040 -0.059 -0.076 -0.092 0.052 0.250 0.621 1.061 1.323 1.497 1.511 1.455 1.415 1.383 1.362 1.353 1.359 1.371 1.352 1.312 1.260 1.198 1.149
s 1.577 10 16 2.494 2.575 2.652 2.717 2.773 2.808 2.838 2.855 2.862 2.841 2.802 2.712 2.604 2.439 2.292 2.199 2.119 2.096 2.053 1.928 1.691 1.071 0.522 0.234 0.000 0.019 0.038 0.057 0.076 0.095 0.115 0.134 0.153 0.172 0.191 0.210 0.229 0.248 0.267 0.286 0.305 0.324 0.344 0.363 0.382 0.401 0.420 0.439 0.458
s 1.711 10 16 1.915 2.144 2.320 2.460 2.556 2.623 2.686 2.746 2.797 2.839 2.866 2.871 2.836 2.732 2.472 1.905 1.316 0.736 0.260 0.033 -0.142 -0.116 -0.087 -0.043 0.000 0.043 0.087 0.130 0.173 0.219 0.264 0.308 0.349 0.392 0.436 0.479 0.522 0.565 0.608 0.652 0.697 0.740 0.781 0.823 0.865 0.907 0.948 0.990 1.033
s 0.840 10 16 1.218 1.212 1.192 1.148 1.093 1.050 1.015 0.982 0.963 0.947 0.938 0.930 0.917 0.903 0.886 0.871 0.848 0.788 0.721 0.425 0.126 0.004 -0.038 -0.029 0.000 0.029 0.059 0.088 0.117 0.147 0.176 0.206 0.235 0.264 0.294 0.323 0.352 0.382 0.411 0.441 0.470 0.499 0.529 0.558 0.587 0.617 0.646 0.675 0.705
s 3.023 18 8 3.083 2.872 2.721 2.642 2.668 2.596 2.328 2.030 1.647 1.244 0.833 0.472 0.407 0.419 0.451 0.472 0.433 0.331 0.143 -0.127 -0.337 -0.313 -0.244 -0.123 0.000 0.130 0.262 0.543 0.933 1.519 2.129 2.532 2.731 2.885 2.988 3.080 3.119 3.148 3.119 3.099 3.128 3.172 3.237 3.311 3.403 3.510 3.603 3.668 3.737
s 2.220 15 12 2.881 2.734 2.630 2.565 2.511 2.481 2.487 2.478 2.382 2.154 1.843 1.401 0.919 0.467 0.333 0.221 0.126 0.059 -0.003 -0.025 -0.018 -0.014 -0.010 -0.006 0.000 0.019 0.045 0.064 0.068 0.073 0.107 0.186 0.356 0.770 1.203 1.463 1.585 1.685 1.678 1.640 1.593 1.625 1.665 1.760 1.930 2.110 2.334 2.571 2.799
s 1.316 11 16 1.402 1.430 1.450 1.475 1.499 1.490 1.489 1.495 1.496 1.495 1.492 1.490 1.486 1.388 1.064 0.664 0.374 0.202 0.091 0.071 0.063 0.047 0.027 0.010 0.000 0.008 0.004 -0.002 -0.011 -0.016 -0.013 0.017 0.100 0.216 0.341 0.461 0.581 0.701 0.794 0.856 0.929 1.027 1.121 1.150 1.158 1.162 1.148 1.142 1.134
s 0.863 11 16 1.328 1.399 1.469 1.519 1.514 1.444 1.360 1.310 1.311 1.316 1.331 1.355 1.337 1.168 0.842 0.382 0.039 -0.104 -0.091 -0.076 -0.059 -0.042 -0.028 -0.014 0.000 0.017 0.033 0.050 0.067 0.083 0.100 0.118 0.134 0.150 0.166 0.182 0.201 0.221 0.240 0.254 0.265 0.277 0.294 0.310 0.326 0.340 0.361 0.414 0.478
s 0.484 10 17 0.389 0.230 0.141 0.139 0.184 0.244 0.306 0.353 0.400 0.465 0.536 0.603 0.630 0.517 0.357 0.128 -0.075 -0.160 -0.187 -0.175 -0.142 -0.107 -0.070 -0.036 0.000 0.036 0.074 0.112 0.150 0.186 0.221 0.257 0.292 0.328 0.364 0.400 0.436 0.471 0.506 0.542 0.578 0.612 0.649 0.687 0.724 0.762 0.799 0.834 0.868
s 0.613 11 16 1.011 0.815 0.721 0.708 0.700 0.696 0.698 0.702 0.736 0.792 0.841 0.874 0.816 0.657 0.403 0.061 -0.133 -0.155 -0.152 -0.127 -0.102 -0.076 -0.050 -0.025 0.000 0.026 0.052 0.080 0.106 0.131 0.156 0.182 0.208 0.233 0.260 0.287 0.313 0.338 0.364 0.390 0.416 0.441 0.467 0.492 0.518 0.546 0.588 0.686 0.851
s 1.500 11 16 2.357 2.378 2.387 2.394 2.407 2.419 2.438 2.476 2.521 2.557 2.565 2.522 2.393 2.067 1.674 1.046 0.484 0.271 0.091 -0.001 -0.094 -0.077 -0.059 -0.030 0.000 0.030 0.059 0.089 0.118 0.148 0.177 0.207 0.237 0.266 0.296 0.325 0.355 0.384 0.414 0.444 0.473 0.503 0.533 0.562 0.592 0.621 0.651 0.687 0.802
s 0.881 17 10 0.719 0.689 0.659 0.630 0.599 0.568 0.537 0.507 0.478 0.448 0.418 0.389 0.359 0.328 0.298 0.269 0.239 0.210 0.181 0.152 0.122 0.092 0.061 0.030 0.000 -0.030 -0.059 -0.089 -0.119 -0.147 -0.165 -0.059 0.119 0.580 0.970 1.132 1.165 1.149 1.132 1.117 1.107 1.104 1.126 1.147 1.163 1.171 1.184 1.209 1.242
s 1.939 16 11 1.185 1.135 1.086 1.037 0.987 0.938 0.889 0.839 0.790 0.741 0.692 0.643 0.593 0.544 0.495 0.445 0.396 0.347 0.297 0.248 0.199 0.149 0.099 0.050 0.000 -0.046 0.035 0.122 0.497 0.867 1.155 1.442 1.694 1.943 2.149 2.357 2.556 2.759 2.853 2.947 2.970 2.993 2.970 2.947 2.891 2.833 2.784 2.735 2.687
s 1.406 11 16 1.743 1.797 1.854 1.926 2.040 2.222 2.466 2.807 3.095 3.083 3.011 2.887 2.638 2.088 1.189 0.386 -0.044 -0.186 -0.222 -0.191 -0.155 -0.113 -0.073 -0.038 0.000 0.039 0.078 0.116 0.154 0.193 0.231 0.269 0.308 0.347 0.385 0.423 0.462 0.502 0.539 0.576 0.618 0.657 0.693 0.732 0.772 0.810 0.848 0.886 0.924
s 0.515 10 17 0.479 0.462 0.451 0.439 0.430 0.425 0.425 0.431 0.444 0.482 0.525 0.550 0.546 0.490 0.360 0.174 -0.010 -0.140 -0.133 -0.105 -0.083 -0.060 -0.041 -0.022 0.000 0.023 0.045 0.068 0.091 0.113 0.137 0.162 0.186 0.210 0.233 0.255 0.278 0.309 0.342 0.393 0.451 0.495 0.533 0.566 0.599 0.605 0.590 0.591 0.624
s 1.420 16 11 1.569 1.544 1.520 1.494 1.465 1.430 1.354 1.273 1.186 1.099 1.028 0.961 0.926 0.894 0.868 0.841 0.803 0.765 0.721 0.666 0.443 0.226 0.118 0.013 0.000 -0.006 0.108 0.227 0.330 0.429 0.514 0.603 0.776 0.948 1.054 1.158 1.179 1.200 1.246 1.291 1.310 1.325 1.347 1.369 1.374 1.380 1.388 1.396 1.384
s 1.584 13 14 1.632 1.477 1.405 1.337 1.291 1.247 1.224 1.199 1.165 1.116 1.070 1.039 1.005 0.953 0.887 0.778 0.668 0.591 0.558 0.538 0.485 0.420 0.245 0.060 0.000 0.006 0.098 0.306 0.500 0.696 0.904 1.019 1.115 1.193 1.263 1.328 1.398 1.472 1.529 1.583 1.637 1.696 1.757 1.820 1.877 1.920 1.963 2.001 2.031
s 2.318 17 10 2.726 2.712 2.680 2.596 2.468 2.337 2.204 2.073 1.941 1.820 1.712 1.608 1.509 1.397 1.273 1.153 1.038 0.935 0.845 0.752 0.655 0.536 0.396 0.217 0.000 -0.095 -0.056 0.009 0.099 0.294 0.618 0.988 1.414 1.727 1.912 2.119 2.330 2.427 2.370 2.252 2.059 1.940 1.913 1.973 2.169 2.325 2.423 2.543 2.690
s 3.064 16 11 4.117 4.015 3.904 3.786 3.679 3.538 3.377 3.218 3.072 2.915 2.779 2.626 2.497 2.366 2.223 2.101 1.980 1.773 1.510 1.176 0.808 0.412 0.182 0.045 0.000 0.011 0.126 0.303 0.494 0.855 1.203 1.428 1.553 1.671 1.835 1.996 2.098 2.119 2.114 2.101 2.125 2.173 2.244 2.333 2.450 2.599 2.804 3.012 3.219
s 1.585 11 16 2.642 2.682 2.727 2.765 2.790 2.806 2.804 2.797 2.779 2.721 2.572 2.445 2.385 2.311 2.179 1.932 1.373 0.825 0.355 -0.002 -0.039 -0.059 -0.039 -0.020 0.000 0.020 0.039 0.059 0.078 0.098 0.117 0.137 0.156 0.176 0.195 0.215 0.234 0.254 0.273 0.293 0.313 0.332 0.352 0.371 0.391 0.410 0.430 0.449 0.470
s 1.851 10 17 2.994 3.142 3.194 3.245 3.291 3.336 3.379 3.421 3.451 3.479 3.482 3.477 3.385 3.266 2.899 2.451 1.901 1.272 0.768 0.365 0.132 0.022 -0.022 -0.014 0.000 0.020 0.041 0.061 0.081 0.101 0.121 0.141 0.161 0.182 0.203 0.223 0.243 0.263 0.283 0.303 0.323 0.344 0.364 0.384 0.410 0.615 0.846 1.264 1.693
s 0.563 11 16 0.619 0.341 0.263 0.332 0.377 0.404 0.440 0.477 0.484 0.506 0.498 0.468 0.446 0.389 0.267 0.041 -0.158 -0.245 -0.214 -0.183 -0.147 -0.109 -0.070 -0.034 0.000 0.035 0.073 0.111 0.147 0.182 0.216 0.251 0.289 0.329 0.367 0.400 0.434 0.470 0.508 0.544 0.581 0.619 0.653 0.686 0.721 0.761 0.798 0.833 0.868
s 2.948 9 18 3.423 3.433 3.432 3.411 3.385 3.355 3.326 3.330 3.336 3.369 3.408 3.466 3.529 3.566 3.571 3.326 2.606 1.781 0.908 0.135 0.005 -0.068 -0.053 -0.025 0.000 0.030 0.059 0.086 0.120 0.169 0.211 0.299 0.389 0.520 0.675 0.881 1.094 1.279 1.445 1.595 1.725 1.869 2.088 2.319 2.511 2.692 2.835 2.966 3.081
s 1.073 8 20 0.767 0.753 0.749 0.745 0.760 0.772 0.798 0.825 0.918 1.013 1.079 1.148 1.233 1.317 1.191 1.019 0.666 0.299 0.081 -0.097 -0.126 -0.120 -0.088 -0.045 0.000 0.049 0.101 0.156 0.207 0.253 0.303 0.354 0.405 0.455 0.507 0.565 0.612 0.650 0.692 0.737 0.782 0.823 0.903 1.078 1.380 1.984 2.488 2.661 2.794
s 1.525 16 12 1.422 1.458 1.495 1.536 1.577 1.579 1.578 1.466 1.359 0.993 0.607 0.452 0.321 0.244 0.173 0.131 0.094 0.081 0.072 0.064 0.057 0.043 0.030 0.016 0.000 -0.004 -0.001 -0.005 -0.015 0.065 0.229 0.408 0.612 0.778 0.895 1.080 1.366 1.602 1.723 1.780 1.735 1.690 1.643 1.594 1.556 1.519 1.483 1.443 1.398
s 1.752 12 16 3.036 3.020 2.989 2.950 2.865 2.755 2.708 2.695 2.714 2.750 2.692 2.582 2.426 2.244 2.036 1.813 1.303 0.627 0.212 -0.049 -0.128 -0.096 -0.064 -0.032 0.000 0.032 0.064 0.096 0.128 0.160 0.192 0.224 0.256 0.288 0.320 0.352 0.384 0.416 0.448 0.480 0.512 0.544 0.576 0.608 0.640 0.672 0.704 0.736 0.768
s 1.585 11 17 2.568 2.644 2.708 2.764 2.798 2.828 2.845 2.851 2.829 2.790 2.699 2.591 2.426 2.279 2.185 2.105 2.081 2.037 1.912 1.674 1.053 0.505 0.216 -0.019 0.000 0.019 0.037 0.056 0.074 0.093 0.112 0.130 0.149 0.167 0.186 0.205 0.223 0.242 0.260 0.279 0.298 0.316 0.335 0.353 0.372 0.391 0.409 0.428 0.446
s 1.467 11 17 2.141 2.157 2.180 2.292 2.403 2.484 2.562 2.576 2.591 2.624 2.656 2.655 2.633 2.283 1.916 1.424 0.927 0.499 0.100 -0.005 -0.101 -0.077 -0.053 -0.026 0.000 0.026 0.053 0.079 0.106 0.133 0.160 0.186 0.212 0.238 0.264 0.290 0.317 0.343 0.370 0.396 0.423 0.450 0.477 0.504 0.530 0.557 0.584 0.619 0.655
s 0.861 8 20 1.265 1.276 1.300 1.327 1.352 1.375 1.423 1.478 1.536 1.596 1.624 1.643 1.658 1.672 1.645 1.607 1.090 0.436 0.150 -0.031 -0.060 -0.045 -0.030 -0.015 0.000 0.015 0.030 0.045 0.060 0.075 0.090 0.106 0.121 0.136 0.151 0.166 0.181 0.196 0.211 0.226 0.241 0.256 0.274 0.291 0.370 0.467 0.547 0.622 0.687
s 0.573 17 11 0.386 0.366 0.348 0.332 0.316 0.301 0.285 0.269 0.253 0.238 0.224 0.209 0.193 0.177 0.161 0.145 0.129 0.114 0.098 0.082 0.066 0.049 0.033 0.016 0.000 -0.016 -0.030 -0.044 -0.060 -0.075 -0.088 -0.077 0.087 0.298 0.637 0.944 0.931 0.911 0.884 0.858 0.857 0.861 0.850 0.846 0.830 0.811 0.786 0.760 0.743
s 0.875 18 10 0.926 0.770 0.651 0.565 0.520 0.504 0.459 0.368 0.290 0.270 0.250 0.231 0.212 0.195 0.178 0.160 0.142 0.123 0.106 0.089 0.071 0.054 0.036 0.018 0.000 -0.017 -0.032 -0.047 -0.064 -0.080 -0.053 0.006 0.383 0.867 1.083 1.094 1.062 1.013 0.953 0.881 0.825 0.829 0.884 1.051 1.229 1.410 1.578 1.634 1.640
s 0.154 4 24 0.130 0.315 0.301 0.286 0.284 0.362 0.422 0.457 0.463 0.474 0.494 0.506 0.517 0.522 0.530 0.581 0.623 0.616 0.541 0.420 0.307 0.232 0.138 0.030 0.000 0.085 0.209 0.354 0.468 0.536 0.545 0.558 0.571 0.589 0.594 0.578 0.575 0.581 0.582 0.556 0.456 0.264 0.134 0.028 -0.017 -0.007 -0.023 -0.032 -0.030
s 2.528 11 17 2.673 2.728 2.806 2.893 2.982 3.048 3.090 3.121 3.116 3.103 3.024 2.895 2.723 2.485 2.166 1.744 1.332 1.044 0.786 0.631 0.474 0.338 0.195 0.076 0.000 0.090 0.268 0.445 0.589 0.697 0.772 0.849 0.893 0.934 0.967 1.003 1.086 1.196 1.304 1.405 1.522 1.680 1.830 1.954 2.075 2.124 2.175 2.222 2.266
s 1.591 19 9 2.337 2.206 2.095 2.001 1.859 1.680 1.466 1.306 1.222 1.216 1.207 1.145 1.094 0.950 0.717 0.449 0.249 0.133 0.069 0.094 0.115 0.104 0.044 -0.003 0.000 0.068 0.169 0.297 0.436 0.587 0.770 0.915 1.010 1.070 1.125 1.170 1.180 1.194 1.210 1.234 1.258 1.278 1.283 1.290 1.323 1.376 1.443 1.532 1.645
s 2.382 12 16 2.413 2.403 2.384 2.362 2.319 2.276 2.228 2.183 2.144 2.094 2.033 1.971 1.916 1.834 1.724 1.617 1.489 1.317 1.125 0.889 0.650 0.336 0.074 -0.025 0.000 0.114 0.321 0.556 0.756 0.907 1.018 1.115 1.202 1.290 1.381 1.472 1.565 1.678 1.801 1.929 2.060 2.165 2.247 2.340 2.446 2.555 2.658 2.747 2.833
s 2.008 14 14 3.083 3.019 2.962 2.902 2.836 2.764 2.677 2.585 2.490 2.386 2.286 2.181 2.059 1.923 1.779 1.663 1.547 1.424 1.287 1.121 0.909 0.627 0.352 0.151 0.000 0.007 0.026 0.108 0.204 0.277 0.333 0.466 0.616 0.667 0.660 0.690 0.767 0.859 0.953 1.011 1.020 1.012 0.991 1.010 1.181 1.398 1.612 1.829 2.033
s 2.322 13 15 2.560 2.538 2.481 2.360 2.233 2.105 2.038 2.096 2.137 2.139 2.065 1.843 1.524 1.020 0.564 0.212 -0.031 -0.070 -0.087 -0.073 -0.058 -0.044 -0.029 -0.015 0.000 0.015 0.029 0.044 0.059 0.073 0.088 0.103 0.137 0.215 0.352 0.625 0.930 1.332 1.702 2.016 2.248 2.247 2.269 2.337 2.410 2.496 2.543 2.493 2.461
s 1.207 17 11 0.778 0.547 0.414 0.395 0.376 0.357 0.338 0.319 0.301 0.282 0.263 0.244 0.226 0.207 0.188 0.169 0.150 0.132 0.113 0.094 0.075 0.057 0.038 0.019 0.000 -0.019 -0.038 -0.056 -0.075 -0.094 -0.007 0.205 0.584 1.161 1.596 1.860 2.017 2.046 2.065 2.073 2.079 2.084 2.077 2.059 2.038 2.015 1.989 1.960 1.927
s 1.682 12 16 2.989 2.951 2.912 2.827 2.741 2.648 2.557 2.529 2.501 2.479 2.454 2.405 2.352 2.167 1.979 1.510 1.034 0.477 -0.068 -0.098 -0.124 -0.093 -0.062 -0.031 0.000 0.031 0.062 0.093 0.124 0.156 0.187 0.218 0.249 0.280 0.311 0.343 0.374 0.405 0.436 0.467 0.499 0.530 0.561 0.592 0.623 0.655 0.686 0.717 0.748
s 1.467 11 17 2.141 2.157 2.180 2.292 2.403 2.484 2.562 2.576 2.591 2.624 2.656 2.655 2.633 2.283 1.916 1.424 0.927 0.499 0.100 -0.005 -0.101 -0.077 -0.053 -0.026 0.000 0.026 0.053 0.079 0.106 0.133 0.160 0.186 0.212 0.238 0.264 0.290 0.317 0.343 0.370 0.396 0.423 0.450 0.477 0.504 0.530 0.557 0.584 0.619 0.655
s 1.536 12 17 2.747 2.721 2.678 2.635 2.603 2.568 2.551 2.542 2.546 2.554 2.547 2.517 2.302 1.811 1.253 0.832 0.482 0.380 0.309 0.262 0.215 0.163 0.111 0.056 0.000 -0.042 -0.069 -0.102 -0.143 -0.156 -0.106 -0.041 0.065 0.167 0.193 0.256 0.292 0.301 0.322 0.340 0.358 0.383 0.418 0.442 0.468 0.540 0.613 0.711 0.797
s 2.924 16 13 2.663 2.547 2.428 2.321 2.219 2.110 1.986 1.877 1.789 1.737 1.640 1.516 1.477 1.386 1.268 1.130 1.002 0.905 0.786 0.669 0.548 0.385 0.240 0.108 0.000 -0.099 -0.202 -0.300 -0.388 -0.469 -0.469 -0.337 0.016 0.601 1.318 1.918 2.497 2.988 3.139 3.219 3.222 3.224 3.208 3.392 3.629 3.893 4.044 4.156 4.205
s 0.922 13 16 1.221 1.251 1.272 1.290 1.300 1.314 1.344 1.376 1.406 1.429 1.276 1.091 0.733 0.373 0.163 -0.029 -0.118 -0.179 -0.165 -0.139 -0.112 -0.084 -0.056 -0.028 0.000 0.028 0.056 0.083 0.110 0.137 0.164 0.191 0.218 0.245 0.272 0.299 0.327 0.354 0.381 0.408 0.435 0.462 0.489 0.516 0.544 0.571 0.598 0.625 0.652
s 0.779 12 17 1.228 1.101 0.990 0.948 0.961 0.979 1.002 1.011 1.008 0.978 0.927 0.872 0.814 0.741 0.659 0.560 0.447 0.253 -0.003 -0.116 -0.103 -0.083 -0.055 -0.028 0.000 0.028 0.056 0.084 0.112 0.139 0.167 0.194 0.222 0.250 0.279 0.307 0.334 0.362 0.389 0.417 0.444 0.472 0.501 0.529 0.557 0.584 0.612 0.639 0.667
s 1.122 17 12 1.110 1.061 1.012 0.970 0.951 0.934 0.919 0.798 0.608 0.382 0.269 0.226 0.208 0.191 0.170 0.152 0.135 0.119 0.102 0.086 0.069 0.053 0.036 0.018 0.000 -0.016 -0.031 -0.046 -0.062 -0.078 -0.093 -0.079 -0.006 0.273 0.630 0.942 1.152 1.281 1.328 1.347 1.352 1.342 1.341 1.327 1.293 1.262 1.236 1.215 1.196
s 1.926 17 12 1.297 1.243 1.189 1.135 1.081 1.027 0.973 0.919 0.864 0.810 0.757 0.703 0.649 0.595 0.541 0.487 0.433 0.379 0.325 0.271 0.217 0.163 0.108 0.054 0.000 -0.054 -0.108 -0.162 -0.216 -0.266 -0.304 -0.321 0.278 1.024 1.773 2.092 2.318 2.494 2.650 2.771 2.820 2.849 2.835 2.805 2.770 2.679 2.587 2.492 2.401
s 1.537 12 17 1.446 1.405 1.346 1.270 1.196 1.146 1.118 1.145 1.181 1.223 1.232 1.146 1.036 0.884 0.736 0.617 0.512 0.469 0.426 0.373 0.309 0.218 0.132 0.062 0.000 -0.047 -0.089 -0.113 -0.125 0.010 0.178 0.436 0.687 0.845 0.981 1.104 1.219 1.258 1.288 1.356 1.433 1.553 1.677 1.781 1.877 1.968 2.048 2.170 2.307
s 1.990 13 16 2.038 2.129 2.210 2.290 2.386 2.420 2.414 2.379 2.284 2.198 2.058 1.927 1.810 1.706 1.617 1.509 1.354 1.175 0.953 0.645 0.352 0.187 0.026 -0.001 0.000 0.127 0.264 0.384 0.508 0.643 0.777 0.884 0.943 0.994 1.054 1.119 1.178 1.235 1.280 1.322 1.381 1.452 1.528 1.610 1.690 1.765 1.835 1.903 1.972
s 3.440 16 13 3.475 3.396 3.431 3.459 3.481 3.418 3.298 3.060 2.736 2.328 1.858 1.478 1.167 0.966 0.849 0.711 0.552 0.419 0.305 0.248 0.238 0.170 0.057 0.004 0.000 0.087 0.248 0.634 1.216 1.633 1.913 2.115 2.242 2.370 2.500 2.623 2.738 2.836 2.920 3.005 3.093 3.178 3.259 3.354 3.461 3.571 3.682 3.785 3.879
s 1.199 17 12 1.324 0.829 0.555 0.419 0.355 0.337 0.319 0.302 0.284 0.266 0.248 0.231 0.213 0.196 0.178 0.160 0.142 0.124 0.107 0.089 0.071 0.054 0.036 0.018 0.000 -0.018 -0.035 -0.053 -0.071 -0.088 -0.105 -0.122 -0.020 0.186 0.604 1.195 1.647 1.975 2.123 2.119 2.112 2.106 2.085 2.053 2.040 2.044 2.036 2.017 1.989
s 0.922 13 16 1.221 1.251 1.272 1.290 1.300 1.314 1.344 1.376 1.406 1.429 1.276 1.091 0.733 0.373 0.163 -0.029 -0.118 -0.179 -0.165 -0.139 -0.112 -0.084 -0.056 -0.028 0.000 0.028 0.056 0.083 0.110 0.137 0.164 0.191 0.218 0.245 0.272 0.299 0.327 0.354 0.381 0.408 0.435 0.462 0.489 0.516 0.544 0.571 0.598 0.625 0.652
s 3.138 12 17 3.583 3.576 3.569 3.560 3.550 3.539 3.530 3.530 3.531 3.533 3.524 3.282 3.020 2.684 2.329 2.055 1.780 1.518 1.255 0.985 0.716 0.447 0.184 0.075 0.000 0.096 0.217 0.373 0.535 0.655 0.766 0.844 0.915 0.985 1.059 1.162 1.282 1.481 1.707 1.917 2.110 2.246 2.360 2.530 2.726 2.895 3.042 3.098 3.112
s 3.084 17 13 3.629 3.523 3.355 3.176 3.000 2.856 2.647 2.413 2.138 1.754 1.322 0.978 0.714 0.432 0.175 0.007 -0.022 -0.023 -0.016 -0.016 -0.017 -0.010 -0.008 -0.007 0.000 0.009 0.019 0.032 0.046 0.102 0.286 0.654 1.204 1.773 2.164 2.392 2.506 2.600 2.706 2.819 2.917 2.991 3.064 3.114 3.167 3.220 3.278 3.326 3.386
s 1.495 16 14 2.220 1.880 1.684 1.583 1.527 1.460 1.386 1.311 1.234 1.157 1.078 0.999 0.920 0.844 0.772 0.701 0.629 0.550 0.465 0.385 0.312 0.237 0.158 0.079 0.000 -0.037 -0.006 0.204 0.656 0.987 1.098 1.143 1.110 1.085 1.083 1.095 1.129 1.165 1.201 1.236 1.270 1.310 1.362 1.411 1.463 1.502 1.528 1.569 1.686
s 0.758 17 13 0.617 0.592 0.569 0.546 0.524 0.498 0.469 0.438 0.409 0.384 0.359 0.334 0.309 0.284 0.260 0.238 0.215 0.189 0.158 0.128 0.103 0.077 0.051 0.025 0.000 -0.025 -0.049 -0.071 -0.092 -0.118 -0.148 -0.178 -0.170 -0.034 0.184 0.472 0.755 1.032 1.083 1.094 1.080 1.052 1.042 1.028 0.993 0.958 0.942 0.924 0.908
s 1.591 13 17 2.610 2.675 2.731 2.785 2.825 2.860 2.889 2.917 2.950 2.985 2.850 2.644 2.190 1.637 1.062 0.476 0.155 -0.053 -0.106 -0.089 -0.071 -0.054 -0.036 -0.018 0.000 0.018 0.036 0.054 0.072 0.089 0.107 0.125 0.143 0.161 0.179 0.197 0.215 0.233 0.251 0.268 0.286 0.304 0.322 0.340 0.358 0.376 0.394 0.412 0.429
s 0.663 10 20 1.221 1.109 1.015 0.923 0.828 0.731 0.662 0.592 0.608 0.624 0.650 0.676 0.694 0.712 0.682 0.652 0.336 0.017 -0.037 -0.089 -0.072 -0.054 -0.036 -0.018 0.000 0.018 0.036 0.053 0.071 0.089 0.107 0.125 0.143 0.161 0.179 0.196 0.214 0.232 0.250 0.268 0.286 0.304 0.338 0.374 0.497 0.623 0.664 0.704 0.789
s 3.105 19 11 3.208 3.165 3.096 2.997 2.865 2.518 2.134 1.761 1.442 1.128 0.781 0.494 0.388 0.314 0.285 0.256 0.229 0.200 0.171 0.143 0.117 0.088 0.057 0.029 0.000 -0.027 -0.053 -0.061 -0.017 0.240 0.718 1.213 1.665 2.137 2.601 3.055 3.324 3.496 3.562 3.561 3.542 3.510 3.471 3.389 3.281 3.289 3.309 3.329 3.344
s 0.877 16 14 0.692 0.661 0.631 0.607 0.569 0.532 0.523 0.507 0.475 0.452 0.437 0.412 0.382 0.354 0.289 0.184 0.106 0.069 0.054 0.043 0.035 0.027 0.020 0.009 0.000 -0.007 -0.017 -0.026 -0.034 -0.038 -0.022 0.095 0.282 0.452 0.580 0.700 0.804 0.893 0.967 1.019 1.062 1.107 1.146 1.166 1.185 1.238 1.291 1.332 1.347
s 2.529 18 12 2.660 2.572 2.485 2.344 2.164 1.965 1.736 1.522 1.343 1.175 1.075 0.985 0.910 0.835 0.766 0.699 0.632 0.560 0.486 0.415 0.341 0.272 0.196 0.095 0.000 -0.071 -0.123 0.041 0.198 0.638 1.106 1.443 1.722 1.945 2.132 2.282 2.390 2.485 2.579 2.655 2.710 2.765 2.807 2.850 2.895 2.939 2.986 3.027 3.037
s 1.774 16 14 1.924 1.943 1.969 1.973 1.953 1.931 1.870 1.792 1.656 1.497 1.291 1.067 0.807 0.586 0.466 0.389 0.337 0.327 0.319 0.299 0.242 0.092 -0.018 -0.009 0.000 0.096 0.201 0.499 0.809 0.916 0.971 1.017 1.066 1.104 1.129 1.166 1.215 1.265 1.308 1.351 1.393 1.440 1.501 1.558 1.617 1.673 1.751 1.834 1.936
s 1.794 15 15 1.917 1.877 1.825 1.763 1.697 1.638 1.581 1.533 1.490 1.407 1.263 1.082 0.897 0.727 0.557 0.397 0.279 0.221 0.156 0.089 0.068 0.072 0.064 0.031 0.000 0.060 0.121 0.206 0.314 0.430 0.570 0.678 0.728 0.767 0.831 0.933 1.077 1.255 1.412 1.533 1.615 1.689 1.762 1.831 1.892 1.938 1.992 2.055 2.138
s 0.061 24 6 -0.267 -0.275 -0.295 -0.325 -0.316 -0.279 -0.224 -0.162 -0.102 -0.042 0.046 0.180 0.318 0.435 0.513 0.532 0.539 0.522 0.499 0.453 0.379 0.195 0.025 0.009 0.000 0.024 0.050 0.129 0.226 0.280 0.322 0.364 0.402 0.429 0.449 0.444 0.438 0.436 0.437 0.423 0.396 0.382 0.378 0.387 0.393 0.409 0.443 0.482 0.539
s 1.401 16 14 0.945 0.866 0.783 0.725 0.694 0.657 0.624 0.592 0.558 0.523 0.487 0.454 0.422 0.392 0.360 0.326 0.288 0.248 0.211 0.176 0.144 0.109 0.073 0.036 0.000 -0.033 -0.067 -0.098 -0.128 -0.162 -0.157 -0.122 0.147 0.596 1.033 1.288 1.506 1.672 1.795 1.878 1.918 1.930 1.987 2.046 2.109 2.208 2.323 2.352 2.390
s 1.242 14 17 1.750 1.675 1.602 1.572 1.543 1.542 1.540 1.557 1.573 1.555 1.527 1.250 0.972 0.680 0.395 0.278 0.164 0.118 0.071 0.033 -0.004 -0.009 -0.014 -0.008 0.000 0.045 0.091 0.138 0.185 0.236 0.287 0.332 0.377 0.436 0.494 0.534 0.573 0.585 0.597 0.651 0.705 0.765 0.824 0.864 0.912 1.186 1.465 1.906 2.338
s 1.363 14 17 1.965 1.954 1.823 1.727 1.764 1.982 2.189 2.244 2.143 1.984 1.755 1.430 1.135 0.834 0.597 0.448 0.336 0.263 0.196 0.140 0.122 0.080 0.021 -0.008 0.000 0.039 0.082 0.126 0.165 0.201 0.240 0.273 0.311 0.348 0.378 0.413 0.451 0.483 0.517 0.559 0.600 0.639 0.678 0.717 0.761 0.809 0.919 1.213 1.689
s 2.396 16 15 2.254 2.166 2.078 1.990 1.901 1.825 1.750 1.662 1.573 1.477 1.380 1.289 1.198 1.109 1.020 0.936 0.852 0.782 0.713 0.635 0.556 0.447 0.335 0.169 0.000 -0.088 -0.169 -0.249 -0.328 -0.380 -0.428 -0.289 -0.132 0.149 0.441 0.924 1.424 1.834 2.231 2.381 2.508 2.587 2.660 2.774 2.891 3.152 3.427 3.582 3.723
s 1.576 15 16 2.705 2.776 2.807 2.813 2.785 2.651 2.511 2.364 2.269 2.198 2.136 2.069 1.965 1.825 1.614 1.235 0.772 0.317 0.068 -0.069 -0.089 -0.067 -0.045 -0.022 0.000 0.022 0.045 0.067 0.089 0.112 0.134 0.156 0.179 0.201 0.224 0.246 0.268 0.291 0.313 0.335 0.358 0.380 0.402 0.425 0.447 0.469 0.492 0.516 0.557
s 1.005 16 15 0.695 0.667 0.640 0.612 0.584 0.556 0.529 0.499 0.469 0.439 0.410 0.380 0.351 0.321 0.291 0.262 0.232 0.203 0.174 0.145 0.117 0.088 0.059 0.029 0.000 -0.027 -0.049 0.010 0.149 0.362 0.618 0.765 0.792 0.832 0.891 0.956 1.023 1.091 1.137 1.182 1.243 1.300 1.350 1.395 1.427 1.461 1.500 1.546 1.562
s 1.515 16 15 1.536 1.541 1.546 1.552 1.550 1.535 1.494 1.418 1.348 1.224 1.073 0.925 0.738 0.569 0.516 0.504 0.431 0.356 0.301 0.224 0.146 0.081 0.060 0.031 0.000 -0.013 -0.018 -0.010 0.114 0.258 0.425 0.507 0.591 0.705 0.765 0.836 0.955 1.066 1.166 1.253 1.327 1.386 1.438 1.471 1.494 1.517 1.540 1.557 1.570
s 1.688 18 13 1.474 1.424 1.375 1.322 1.257 1.192 1.062 0.935 0.868 0.805 0.790 0.781 0.770 0.753 0.714 0.667 0.642 0.625 0.584 0.526 0.462 0.396 0.282 0.116 0.000 -0.019 0.123 0.478 0.782 0.959 1.098 1.183 1.276 1.389 1.489 1.574 1.655 1.743 1.839 1.892 1.954 2.003 2.050 2.087 2.120 2.141 2.163 2.167 2.171
s 3.066 12 19 4.535 4.346 4.224 4.090 3.951 3.811 3.652 3.469 3.320 3.312 3.275 3.245 3.205 3.133 3.049 2.950 2.817 2.620 2.386 1.956 1.418 0.846 0.357 0.122 0.000 -0.043 -0.021 0.030 0.110 0.128 0.058 0.051 0.189 0.380 0.634 0.892 1.087 1.267 1.379 1.483 1.547 1.594 1.699 1.828 2.181 2.613 3.042 3.474 3.829
s 2.010 15 16 2.721 2.775 2.807 2.838 2.859 2.875 2.819 2.750 2.525 2.299 2.074 1.851 1.571 1.286 0.642 0.011 -0.200 -0.413 -0.358 -0.303 -0.243 -0.182 -0.121 -0.061 0.000 0.061 0.121 0.182 0.243 0.303 0.364 0.424 0.485 0.546 0.607 0.667 0.728 0.789 0.849 0.910 0.971 1.032 1.092 1.153 1.213 1.274 1.335 1.395 1.456
s 2.237 13 18 2.700 2.672 2.708 2.838 2.984 2.953 2.897 2.804 2.672 2.539 2.401 2.262 2.104 1.931 1.752 1.573 1.389 1.194 0.989 0.748 0.496 0.265 0.112 -0.006 0.000 0.035 0.071 0.102 0.134 0.158 0.187 0.233 0.292 0.355 0.415 0.485 0.550 0.601 0.653 0.745 0.905 1.207 1.445 1.569 1.669 1.793 1.901 1.972 2.022
s 1.815 13 19 1.381 1.451 1.539 1.609 1.652 1.645 1.632 1.580 1.511 1.438 1.370 1.301 1.233 1.155 1.027 0.843 0.670 0.473 0.308 0.236 0.167 0.046 0.037 0.011 0.000 0.031 0.069 0.103 0.134 0.164 0.185 0.198 0.237 0.277 0.303 0.325 0.356 0.383 0.407 0.475 0.633 0.950 1.432 1.869 2.050 2.159 2.179 2.203 2.228
s 1.912 16 16 1.003 0.964 0.928 0.897 0.864 0.830 0.791 0.741 0.692 0.646 0.602 0.569 0.536 0.493 0.450 0.414 0.378 0.333 0.290 0.249 0.208 0.159 0.111 0.057 0.000 0.110 0.233 0.702 1.180 1.340 1.469 1.524 1.570 1.607 1.642 1.735 1.837 1.987 2.142 2.302 2.464 2.580 2.694 2.824 2.960 3.122 3.286 3.468 3.655
s 1.868 15 17 2.712 2.560 2.405 2.274 2.167 2.074 2.006 1.929 1.832 1.738 1.655 1.504 1.281 0.885 0.467 0.150 0.111 0.085 0.080 0.078 0.068 0.052 0.035 0.016 0.000 -0.010 -0.024 -0.033 -0.040 -0.048 -0.060 -0.079 -0.101 0.008 0.290 0.681 1.009 1.167 1.189 1.187 1.220 1.302 1.400 1.491 1.569 1.639 1.699 1.758 1.874
s 1.860 15 17 3.338 3.321 3.291 3.240 3.166 3.055 2.948 2.846 2.755 2.675 2.494 2.145 1.619 0.809 0.200 -0.065 -0.218 -0.192 -0.165 -0.137 -0.110 -0.082 -0.055 -0.027 0.000 0.027 0.055 0.083 0.110 0.138 0.165 0.193 0.220 0.248 0.275 0.303 0.330 0.358 0.385 0.413 0.440 0.468 0.496 0.525 0.555 0.584 0.612 0.639 0.698
s 2.555 16 16 3.444 3.428 3.386 3.312 3.229 3.100 2.969 2.823 2.676 2.564 2.477 2.398 2.347 2.327 2.322 2.331 2.338 2.275 2.163 1.718 0.997 0.340 0.080 -0.055 0.000 0.096 0.193 0.287 0.381 0.474 0.568 0.662 0.756 0.849 0.943 1.037 1.131 1.225 1.320 1.415 1.508 1.600 1.694 1.788 1.881 1.975 2.069 2.163 2.256
s 1.045 19 13 1.117 1.080 1.048 0.973 0.827 0.681 0.504 0.332 0.282 0.259 0.241 0.223 0.206 0.189 0.172 0.155 0.138 0.123 0.107 0.091 0.073 0.054 0.036 0.017 0.000 -0.017 -0.033 -0.049 -0.065 -0.082 -0.099 0.009 0.167 0.447 0.703 0.867 0.970 1.070 1.159 1.240 1.262 1.278 1.282 1.275 1.263 1.252 1.243 1.254 1.243
s 1.744 17 15 2.007 1.801 1.621 1.540 1.458 1.351 1.238 1.171 1.109 1.013 0.909 0.817 0.725 0.612 0.443 0.276 0.142 0.006 -0.024 -0.039 -0.019 0.004 -0.004 -0.013 0.000 0.029 0.100 0.227 0.390 0.563 0.734 0.903 1.063 1.192 1.298 1.391 1.478 1.553 1.615 1.685 1.756 1.831 1.902 1.966 2.031 2.093 2.159 2.250 2.354
s 2.318 14 18 2.943 3.087 3.173 3.149 3.129 3.122 3.094 3.016 2.940 2.754 2.561 2.373 2.197 2.027 1.874 1.755 1.646 1.502 1.228 0.868 0.525 0.227 0.027 -0.023 0.000 0.116 0.264 0.430 0.557 0.545 0.496 0.455 0.443 0.476 0.524 0.537 0.537 0.589 0.683 0.838 0.995 1.177 1.352 1.448 1.542 1.625 1.697 1.765 1.825
s 1.799 18 14 2.238 1.937 1.666 1.480 1.337 1.212 1.118 1.030 0.942 0.863 0.772 0.695 0.631 0.573 0.493 0.394 0.277 0.165 0.077 0.019 0.021 0.021 0.016 0.004 0.000 0.110 0.317 0.544 0.763 0.966 1.161 1.338 1.472 1.561 1.619 1.665 1.708 1.754 1.812 1.881 1.957 2.036 2.118 2.195 2.261 2.333 2.402 2.453 2.497
s 0.292 24 8 1.073 0.633 0.154 -0.056 -0.046 -0.035 -0.034 -0.060 -0.109 -0.130 -0.072 0.015 0.120 0.194 0.173 0.141 0.098 0.059 0.054 0.056 0.042 0.022 0.007 0.000 0.000 0.036 0.111 0.236 0.346 0.401 0.441 0.485 0.515 0.548 0.577 0.590 0.593 0.603 0.622 0.636 0.639 0.619 0.545 0.484 0.488 0.508 0.653 0.829 1.132
s 3.051 16 16 4.342 4.197 4.038 3.870 3.702 3.565 3.407 3.238 3.065 2.890 2.746 2.599 2.454 2.306 2.163 2.066 2.002 1.899 1.749 1.409 0.939 0.505 0.242 0.047 0.000 0.036 0.167 0.397 0.674 0.927 1.170 1.325 1.444 1.541 1.613 1.677 1.738 1.786 1.848 1.911 1.980 2.111 2.228 2.312 2.399 2.473 2.530 2.596 2.663
s 3.257 17 15 3.476 3.354 3.247 3.161 3.066 2.960 2.803 2.595 2.443 2.351 2.282 2.236 2.139 1.989 1.876 1.798 1.695 1.562 1.354 1.065 0.753 0.418 0.177 0.046 0.000 0.063 0.270 0.659 1.107 1.641 2.007 2.147 2.268 2.353 2.432 2.504 2.573 2.636 2.708 2.794 2.888 2.991 3.117 3.281 3.449 3.624 3.772 3.873 3.945
s 2.801 16 16 2.404 2.299 2.198 2.098 1.994 1.886 1.795 1.712 1.627 1.542 1.483 1.438 1.392 1.342 1.223 1.065 0.909 0.758 0.589 0.408 0.247 0.095 0.020 -0.007 0.000 0.028 0.080 0.150 0.277 0.441 0.607 0.771 0.966 1.177 1.412 1.659 1.934 2.236 2.481 2.691 2.907 3.124 3.310 3.474 3.608 3.719 3.800 3.860 3.923
s 2.485 15 17 3.529 3.554 3.577 3.599 3.599 3.580 3.509 3.399 3.248 3.065 2.781 2.421 2.063 1.709 1.448 1.258 1.072 0.889 0.669 0.419 0.189 -0.033 -0.107 -0.060 0.000 0.071 0.142 0.212 0.283 0.354 0.425 0.496 0.567 0.637 0.708 0.779 0.850 0.921 0.991 1.062 1.133 1.204 1.275 1.345 1.416 1.487 1.558 1.629 1.700
s 2.371 16 16 2.736 2.706 2.786 2.911 2.896 2.818 2.676 2.505 2.324 2.138 1.961 1.789 1.618 1.449 1.273 1.095 0.912 0.727 0.548 0.372 0.212 0.066 -0.004 -0.009 0.000 0.027 0.073 0.137 0.198 0.257 0.317 0.376 0.452 0.545 0.643 0.749 0.908 1.145 1.354 1.515 1.655 1.768 1.862 1.934 2.007 2.065 2.122 2.173 2.221
s 2.352 19 13 2.392 2.059 1.812 1.549 1.322 1.061 0.823 0.603 0.461 0.354 0.300 0.278 0.257 0.228 0.202 0.183 0.166 0.144 0.122 0.111 0.100 0.071 0.045 0.022 0.000 -0.011 -0.019 -0.024 -0.025 0.017 0.171 0.507 1.180 1.833 2.181 2.484 2.625 2.730 2.758 2.767 2.788 2.822 2.948 3.151 3.382 3.633 3.892 4.148 4.408
s 2.666 17 16 5.378 4.588 3.895 3.472 3.142 2.894 2.713 2.567 2.418 2.282 2.172 2.065 1.897 1.489 0.961 0.594 0.371 0.293 0.267 0.235 0.192 0.146 0.101 0.051 0.000 -0.028 -0.019 0.096 0.239 0.355 0.428 0.451 0.423 0.368 0.318 0.313 0.524 0.919 1.289 1.592 1.813 1.911 2.011 2.103 2.189 2.289 2.363 2.463 2.767
s 1.992 16 17 2.211 2.117 2.017 1.919 1.822 1.726 1.629 1.545 1.465 1.370 1.274 1.178 1.082 1.007 0.934 0.845 0.750 0.658 0.565 0.480 0.401 0.313 0.219 0.111 0.000 -0.086 -0.159 -0.193 -0.169 0.018 0.447 0.790 0.950 1.061 1.092 1.130 1.241 1.361 1.484 1.613 1.696 1.776 1.889 2.002 2.161 2.335 2.570 2.827 3.100
s 1.729 18 15 1.865 1.772 1.688 1.594 1.494 1.394 1.292 1.194 1.095 0.989 0.897 0.823 0.756 0.702 0.638 0.580 0.533 0.485 0.435 0.373 0.297 0.221 0.139 0.063 0.000 -0.017 0.007 0.090 0.286 0.559 0.742 0.860 0.941 1.016 1.081 1.156 1.254 1.367 1.506 1.631 1.734 1.808 1.860 1.900 1.964 2.035 2.089 2.148 2.218
s 0.862 16 17 0.634 0.607 0.579 0.554 0.528 0.502 0.476 0.450 0.424 0.397 0.371 0.344 0.317 0.289 0.263 0.237 0.212 0.186 0.160 0.134 0.107 0.081 0.054 0.027 0.000 -0.026 -0.053 -0.077 -0.100 -0.112 -0.023 0.116 0.283 0.342 0.352 0.331 0.344 0.345 0.399 0.565 0.755 0.973 1.155 1.274 1.299 1.276 1.238 1.196 1.157
s 1.578 17 16 2.541 2.504 2.465 2.418 2.352 2.230 2.108 1.984 1.879 1.835 1.785 1.715 1.632 1.506 1.368 1.192 0.997 0.740 0.470 0.162 -0.074 -0.083 -0.080 -0.040 0.000 0.040 0.080 0.121 0.161 0.201 0.241 0.282 0.322 0.362 0.402 0.443 0.483 0.523 0.563 0.604 0.644 0.684 0.725 0.765 0.805 0.845 0.885 0.925 0.966
s 2.391 16 17 3.368 3.216 3.060 2.905 2.767 2.633 2.508 2.369 2.239 2.124 2.019 1.912 1.802 1.674 1.386 0.801 0.071 -0.376 -0.575 -0.500 -0.400 -0.300 -0.200 -0.100 0.000 0.100 0.200 0.300 0.401 0.504 0.607 0.707 0.807 0.907 1.007 1.107 1.208 1.309 1.410 1.510 1.612 1.716 1.816 1.916 2.016 2.116 2.217 2.318 2.419
s 1.351 17 16 0.936 0.897 0.858 0.819 0.780 0.741 0.703 0.663 0.624 0.585 0.546 0.507 0.468 0.430 0.391 0.351 0.312 0.273 0.234 0.195 0.156 0.117 0.078 0.039 0.000 -0.039 -0.076 -0.046 0.069 0.214 0.384 0.495 0.523 0.528 0.511 0.592 0.836 1.060 1.240 1.420 1.595 1.748 1.836 1.906 1.950 1.984 1.986 1.984 1.923
s 1.319 20 13 0.851 0.837 0.800 0.692 0.521 0.387 0.358 0.338 0.318 0.296 0.276 0.257 0.238 0.221 0.204 0.184 0.166 0.149 0.127 0.105 0.083 0.063 0.040 0.019 0.000 -0.019 -0.038 -0.053 -0.065 0.257 0.656 0.943 1.137 1.270 1.377 1.499 1.607 1.698 1.781 1.899 2.047 2.157 2.189 2.094 1.991 2.016 2.117 2.285 2.416
s 2.652 16 17 4.077 4.023 3.948 3.859 3.748 3.630 3.461 3.238 3.005 2.744 2.505 2.273 2.017 1.707 1.405 1.232 1.066 0.894 0.711 0.501 0.299 0.131 0.034 0.014 0.000 0.037 0.112 0.207 0.280 0.359 0.460 0.589 0.690 0.729 0.773 0.843 0.917 0.992 1.069 1.140 1.208 1.297 1.385 1.462 1.557 1.680 1.802 1.915 1.989
s 1.414 16 17 1.997 1.948 1.895 1.841 1.764 1.675 1.621 1.586 1.503 1.394 1.343 1.322 1.277 1.218 1.099 0.948 0.800 0.654 0.466 0.255 0.105 -0.013 -0.047 -0.036 0.000 0.049 0.094 0.137 0.177 0.214 0.275 0.348 0.416 0.480 0.546 0.611 0.650 0.676 0.724 0.784 0.842 0.900 0.960 1.020 1.065 1.102 1.161 1.231 1.305
s 1.988 16 17 1.733 1.648 1.590 1.529 1.476 1.417 1.345 1.275 1.188 1.079 0.995 0.949 0.900 0.861 0.817 0.772 0.720 0.676 0.628 0.583 0.509 0.363 0.172 0.039 0.000 0.030 0.141 0.302 0.430 0.545 0.640 0.716 0.790 0.848 0.909 0.985 1.087 1.195 1.409 1.670 1.943 2.164 2.343 2.440 2.500 2.543 2.558 2.568 2.600
s 1.287 18 15 1.616 1.528 1.455 1.358 1.247 1.178 1.081 0.955 0.886 0.821 0.707 0.614 0.500 0.360 0.234 0.181 0.142 0.128 0.134 0.128 0.085 0.028 -0.017 -0.025 0.000 0.075 0.172 0.301 0.451 0.594 0.676 0.705 0.734 0.780 0.837 0.895 0.948 0.996 1.037 1.087 1.132 1.178 1.228 1.274 1.327 1.416 1.563 1.672 1.739
s 3.441 17 16 4.671 4.401 4.136 3.882 3.623 3.402 3.156 3.004 2.816 2.646 2.478 2.176 1.881 1.611 1.368 1.257 1.186 1.008 0.766 0.495 0.201 0.036 -0.008 -0.022 0.000 0.070 0.221 0.459 0.821 1.180 1.519 1.779 1.889 2.004 2.085 2.184 2.281 2.381 2.479 2.586 2.731 2.871 3.007 3.138 3.259 3.377 3.476 3.570 3.665
s 3.290 15 18 4.069 3.882 3.694 3.528 3.365 3.232 3.104 3.037 2.960 2.797 2.619 2.290 1.955 1.561 1.180 0.988 0.805 0.718 0.628 0.530 0.434 0.313 0.193 0.093 0.000 0.078 0.148 0.164 0.182 0.188 0.194 0.269 0.352 0.630 0.899 1.117 1.333 1.550 1.765 1.982 2.204 2.396 2.595 2.905 3.214 3.554 3.899 4.156 4.419
s 0.664 9 24 0.973 1.038 1.199 1.454 1.765 2.090 2.415 2.447 2.531 2.615 2.465 2.360 2.261 2.078 1.890 1.657 1.316 0.982 0.685 0.400 0.193 0.040 -0.022 -0.015 0.000 0.064 0.173 0.268 0.299 0.269 0.288 0.319 0.355 0.376 0.390 0.417 0.452 0.481 0.486 0.484 0.424 0.295 0.063 -0.197 -0.438 -0.552 -0.595 -0.615 -0.576
s 2.154 20 13 3.519 3.295 2.765 2.227 1.680 1.193 0.883 0.748 0.623 0.618 0.627 0.612 0.597 0.544 0.482 0.456 0.446 0.406 0.385 0.340 0.254 0.133 0.035 0.020 0.000 0.028 0.042 0.184 0.403 0.697 1.107 1.491 1.629 1.791 1.869 1.922 2.010 2.142 2.274 2.398 2.514 2.558 2.586 2.608 2.628 2.648 2.673 2.706 2.747
s 0.828 16 17 0.530 0.508 0.486 0.464 0.442 0.420 0.400 0.379 0.357 0.335 0.313 0.291 0.270 0.249 0.227 0.204 0.183 0.164 0.142 0.119 0.096 0.074 0.050 0.024 0.000 -0.022 -0.031 -0.019 0.010 0.094 0.168 0.206 0.245 0.395 0.549 0.599 0.638 0.588 0.524 0.627 0.784 0.990 1.215 1.304 1.299 1.278 1.230 1.191 1.159
s 1.578 17 16 2.541 2.504 2.465 2.418 2.352 2.230 2.108 1.984 1.879 1.835 1.785 1.715 1.632 1.506 1.368 1.192 0.997 0.740 0.470 0.162 -0.074 -0.083 -0.080 -0.040 0.000 0.040 0.080 0.121 0.161 0.201 0.241 0.282 0.322 0.362 0.402 0.443 0.483 0.523 0.563 0.604 0.644 0.684 0.725 0.765 0.805 0.845 0.885 0.925 0.966
s 1.363 16 17 2.214 2.215 2.235 2.280 2.297 2.253 2.189 2.024 1.818 1.551 1.280 1.100 0.953 0.916 0.886 0.869 0.842 0.717 0.547 0.277 0.016 -0.056 -0.047 -0.025 0.000 0.025 0.051 0.076 0.101 0.126 0.151 0.176 0.201 0.226 0.252 0.277 0.302 0.327 0.352 0.377 0.403 0.428 0.453 0.479 0.510 0.545 0.809 1.125 1.426
s 1.721 17 16 2.821 2.826 2.808 2.777 2.670 2.540 2.403 2.271 2.116 1.946 1.719 1.456 1.174 0.879 0.658 0.509 0.400 0.329 0.212 0.028 -0.087 -0.083 -0.070 -0.037 0.000 0.041 0.081 0.117 0.152 0.192 0.232 0.270 0.308 0.346 0.384 0.425 0.465 0.504 0.543 0.581 0.620 0.662 0.703 0.738 0.772 0.806 0.842 0.923 1.006
s 1.625 15 19 2.908 2.814 2.706 2.586 2.489 2.416 2.346 2.280 2.187 2.066 1.921 1.752 1.605 1.483 1.379 1.296 1.102 0.802 0.475 0.116 -0.067 -0.065 -0.053 -0.028 0.000 0.031 0.068 0.113 0.153 0.188 0.214 0.231 0.253 0.280 0.312 0.350 0.382 0.406 0.432 0.458 0.484 0.509 0.554 0.626 0.761 0.971 1.192 1.433 1.600
s 1.234 18 16 2.213 2.208 2.155 2.083 1.944 1.781 1.627 1.481 1.381 1.304 1.242 1.208 1.162 1.107 1.078 1.063 1.055 1.078 1.017 0.737 0.420 0.148 -0.041 -0.022 0.000 0.026 0.052 0.078 0.104 0.131 0.157 0.183 0.210 0.236 0.262 0.288 0.314 0.341 0.367 0.393 0.420 0.446 0.472 0.498 0.524 0.550 0.577 0.646 0.789
s 2.129 14 20 3.315 3.369 3.415 3.437 3.436 3.427 3.410 3.342 3.219 3.050 2.824 2.589 2.344 1.946 1.263 0.642 0.187 -0.135 -0.129 -0.117 -0.094 -0.070 -0.047 -0.023 0.000 0.024 0.050 0.076 0.100 0.123 0.147 0.171 0.194 0.218 0.244 0.270 0.292 0.315 0.339 0.365 0.389 0.412 0.461 0.520 0.848 1.296 1.678 2.002 2.115
s 1.050 16 18 0.504 0.483 0.462 0.442 0.421 0.400 0.379 0.358 0.337 0.316 0.295 0.274 0.253 0.232 0.211 0.189 0.168 0.147 0.127 0.106 0.085 0.064 0.042 0.021 0.000 -0.021 -0.042 -0.063 -0.083 -0.104 -0.125 -0.145 -0.030 0.117 0.307 0.505 0.556 0.564 0.637 0.742 0.938 1.158 1.357 1.547 1.679 1.787 1.856 1.907 1.953
s 2.602 18 16 3.399 3.151 2.920 2.726 2.551 2.378 2.184 1.967 1.775 1.640 1.540 1.395 1.207 0.998 0.798 0.614 0.420 0.245 0.130 0.081 0.061 0.049 0.033 0.014 0.000 0.066 0.187 0.369 0.568 0.757 0.908 1.056 1.180 1.311 1.439 1.563 1.693 1.816 1.935 2.063 2.193 2.314 2.431 2.542 2.653 2.771 2.887 3.005 3.128
s 0.942 18 16 1.894 1.705 1.523 1.351 1.193 1.063 0.968 0.890 0.832 0.781 0.741 0.694 0.648 0.613 0.568 0.522 0.463 0.411 0.378 0.297 0.189 0.091 0.060 0.031 0.000 -0.013 -0.018 0.023 0.064 0.084 0.104 0.141 0.168 0.203 0.239 0.252 0.276 0.345 0.425 0.508 0.562 0.605 0.619 0.644 0.691 0.790 0.912 1.076 1.291
s 0.309 10 24 0.470 0.596 0.678 0.752 0.764 0.762 0.770 0.780 0.785 0.785 0.775 0.757 0.732 0.699 0.647 0.553 0.507 0.489 0.443 0.276 0.116 0.077 0.025 0.017 0.000 0.016 0.021 0.030 0.020 0.063 0.109 0.290 0.589 0.787 0.896 0.842 0.543 0.215 -0.089 -0.286 -0.279 -0.279 -0.259 -0.234 -0.144 -0.019 0.189 0.380 0.505
s 1.930 17 17 2.793 2.811 2.822 2.827 2.822 2.750 2.589 2.344 1.998 1.721 1.532 1.490 1.625 1.539 1.155 0.687 0.109 -0.244 -0.271 -0.264 -0.212 -0.159 -0.106 -0.053 0.000 0.054 0.109 0.164 0.216 0.269 0.322 0.375 0.427 0.481 0.537 0.591 0.643 0.695 0.748 0.800 0.853 0.907 0.962 1.015 1.067 1.120 1.172 1.225 1.279
s 2.394 14 20 3.354 3.394 3.403 3.394 3.369 3.333 3.248 3.125 2.995 2.863 2.716 2.553 2.402 2.270 2.039 1.668 1.160 0.488 0.041 -0.044 -0.101 -0.079 -0.055 -0.027 0.000 0.027 0.055 0.082 0.110 0.137 0.164 0.192 0.219 0.247 0.274 0.302 0.329 0.356 0.384 0.411 0.439 0.501 0.581 0.974 1.434 1.806 2.124 2.199 2.218
s 3.128 18 16 4.081 3.667 3.339 3.012 2.826 2.656 2.422 2.146 1.928 1.761 1.582 1.408 1.266 1.147 1.021 0.958 0.873 0.756 0.612 0.446 0.286 0.157 0.070 0.012 0.000 0.070 0.404 0.806 1.422 1.996 2.291 2.520 2.591 2.605 2.615 2.617 2.622 2.631 2.647 2.704 2.767 2.901 3.032 3.205 3.429 3.733 4.090 4.449 4.800
s 2.645 18 16 3.125 2.947 2.743 2.526 2.310 2.095 1.874 1.620 1.344 1.043 0.722 0.455 0.305 0.240 0.210 0.192 0.175 0.152 0.132 0.113 0.090 0.067 0.046 0.022 0.000 -0.021 -0.041 -0.062 -0.083 -0.094 -0.054 0.057 0.305 0.584 0.853 1.128 1.421 1.753 2.049 2.304 2.528 2.712 2.840 2.931 2.980 3.023 3.056 3.135 3.207
s 2.379 18 16 3.000 2.772 2.532 2.334 2.114 1.904 1.741 1.580 1.390 1.190 1.062 0.939 0.834 0.718 0.618 0.535 0.461 0.395 0.323 0.265 0.215 0.160 0.105 0.051 0.000 -0.006 0.011 0.107 0.431 0.750 0.984 1.093 1.205 1.305 1.398 1.502 1.626 1.746 1.871 2.004 2.128 2.256 2.389 2.517 2.643 2.758 2.873 3.005 3.130
s 3.400 16 18 3.954 3.695 3.639 3.574 3.506 3.524 3.546 3.332 3.022 2.704 2.377 1.929 1.420 0.882 0.391 0.100 -0.100 -0.149 -0.174 -0.206 -0.168 -0.129 -0.086 -0.044 0.000 0.051 0.100 0.157 0.228 0.298 0.352 0.407 0.464 0.548 0.714 0.948 1.216 1.471 1.697 1.927 2.136 2.372 2.649 2.953 3.255 3.554 3.843 4.144 4.486
s 3.063 20 14 3.632 3.237 2.942 2.691 2.380 1.898 1.424 0.987 0.737 0.523 0.375 0.305 0.269 0.242 0.218 0.198 0.176 0.157 0.132 0.104 0.088 0.074 0.054 0.026 0.000 -0.018 -0.011 0.009 0.056 0.149 0.263 0.450 0.735 1.050 1.621 2.241 2.798 2.991 3.139 3.274 3.359 3.473 3.615 3.673 3.747 3.844 3.956 4.091 4.253
s 2.344 16 19 2.652 2.783 2.824 2.774 2.700 2.589 2.526 2.430 2.278 2.066 1.853 1.630 1.397 1.182 0.898 0.585 0.401 0.283 0.200 0.138 0.088 0.024 -0.023 -0.036 0.000 0.043 0.091 0.136 0.181 0.230 0.278 0.330 0.374 0.419 0.460 0.494 0.529 0.578 0.627 0.682 0.743 0.852 1.232 1.669 2.036 2.192 2.341 2.485 2.585
s 1.166 20 15 2.156 2.054 1.948 1.652 1.140 0.654 0.487 0.447 0.420 0.378 0.341 0.316 0.303 0.288 0.269 0.244 0.211 0.182 0.154 0.132 0.116 0.100 0.069 0.030 0.000 -0.019 -0.040 -0.060 -0.014 0.060 0.270 0.525 0.632 0.757 0.862 0.834 0.926 0.948 0.841 1.013 1.056 0.936 1.052 1.144 1.193 1.351 1.528 1.642 2.003
s 0.725 16 19 0.584 0.561 0.536 0.512 0.488 0.465 0.441 0.419 0.397 0.375 0.352 0.328 0.303 0.278 0.254 0.231 0.205 0.175 0.150 0.126 0.102 0.078 0.052 0.026 0.000 -0.023 -0.044 -0.063 -0.053 0.083 0.234 0.422 0.605 0.630 0.653 0.642 0.624 0.598 0.578 0.596 0.638 0.699 0.768 0.859 0.961 1.044 1.118 1.174 1.191
s 0.670 16 19 0.777 0.548 0.433 0.343 0.325 0.309 0.292 0.276 0.260 0.245 0.228 0.212 0.196 0.180 0.164 0.147 0.132 0.116 0.101 0.084 0.067 0.051 0.034 0.017 0.000 -0.016 -0.032 -0.040 -0.039 0.091 0.250 0.354 0.421 0.394 0.340 0.303 0.270 0.256 0.265 0.313 0.456 0.622 0.782 0.913 1.015 1.105 1.179 1.225 1.225
s 0.987 18 17 0.944 0.863 0.785 0.719 0.660 0.619 0.577 0.527 0.483 0.458 0.438 0.436 0.439 0.460 0.476 0.474 0.467 0.426 0.367 0.155 -0.042 -0.085 -0.126 -0.063 0.000 0.066 0.133 0.198 0.264 0.329 0.394 0.460 0.525 0.590 0.656 0.721 0.787 0.853 0.918 0.984 1.050 1.116 1.182 1.248 1.314 1.379 1.445 1.592 1.754
s 3.367 18 17 4.873 4.659 4.410 4.104 3.787 3.450 3.143 2.884 2.695 2.618 2.551 2.500 2.445 2.383 2.299 2.177 2.011 1.772 1.478 1.096 0.736 0.414 0.177 0.073 0.000 -0.021 -0.018 0.024 0.083 0.171 0.263 0.366 0.499 0.684 0.883 1.105 1.339 1.593 1.815 1.987 2.172 2.382 2.585 2.780 2.948 3.075 3.219 3.392 3.564
s 2.240 16 19 3.005 2.861 2.724 2.614 2.505 2.402 2.298 2.189 2.079 1.969 1.855 1.718 1.578 1.423 1.269 1.113 0.960 0.795 0.630 0.474 0.318 0.166 0.031 -0.006 0.000 0.204 0.413 0.641 0.851 0.952 1.041 1.004 0.962 0.837 0.724 0.692 0.680 0.782 0.870 0.887 0.903 1.090 1.289 1.633 1.975 2.275 2.567 2.776 2.979
s 3.001 15 20 4.097 4.061 3.975 3.845 3.715 3.574 3.438 3.329 3.211 3.053 2.774 2.490 2.205 1.919 1.665 1.430 1.188 0.992 0.810 0.631 0.419 0.198 0.048 0.001 0.000 0.021 0.041 0.064 0.088 0.113 0.133 0.150 0.169 0.192 0.212 0.234 0.260 0.281 0.308 0.366 0.549 0.835 1.302 1.804 2.286 2.732 3.138 3.421 3.649
s 1.757 18 17 1.717 1.565 1.441 1.378 1.315 1.210 1.083 0.946 0.812 0.690 0.587 0.482 0.399 0.315 0.178 -0.020 -0.252 -0.471 -0.581 -0.504 -0.415 -0.315 -0.213 -0.107 0.000 0.108 0.219 0.331 0.439 0.546 0.656 0.770 0.870 0.972 1.080 1.187 1.297 1.408 1.516 1.624 1.732 1.840 1.949 2.069 2.199 2.380 2.640 2.930 3.217
s 3.284 18 17 4.015 3.993 3.962 3.806 3.600 3.294 2.948 2.591 2.226 1.860 1.494 1.132 0.782 0.509 0.302 0.170 0.106 0.066 0.052 0.045 0.044 0.038 0.023 0.010 0.000 -0.006 -0.006 -0.010 -0.019 -0.019 0.000 0.024 0.082 0.138 0.276 0.457 0.848 1.246 1.712 2.166 2.351 2.536 2.691 2.850 2.968 3.085 3.198 3.316 3.454
s 2.086 19 16 1.915 1.774 1.666 1.563 1.367 1.153 0.959 0.779 0.656 0.658 0.716 0.920 1.021 0.919 0.816 0.613 0.338 0.126 -0.036 -0.127 -0.113 -0.084 -0.048 -0.025 0.000 0.051 0.101 0.145 0.183 0.222 0.253 0.315 0.438 0.596 0.786 0.976 1.230 1.491 1.758 2.041 2.298 2.456 2.608 2.713 2.805 2.885 2.959 3.015 3.051
s 2.450 19 16 4.769 4.702 4.027 3.154 2.209 1.816 1.501 1.273 1.050 0.819 0.652 0.599 0.587 0.621 0.635 0.604 0.400 0.216 0.058 -0.056 -0.107 -0.119 -0.102 -0.069 0.000 0.080 0.161 0.240 0.315 0.388 0.465 0.542 0.635 0.761 0.897 1.114 1.333 1.489 1.678 1.913 2.181 2.336 2.461 2.572 2.690 2.815 2.983 3.183 3.410
s 2.828 19 17 4.354 3.855 3.380 2.889 2.412 2.003 1.711 1.455 1.248 1.049 0.901 0.784 0.697 0.616 0.535 0.446 0.373 0.310 0.216 0.029 -0.141 -0.196 -0.205 -0.125 0.000 0.163 0.332 0.500 0.663 0.823 0.990 1.155 1.318 1.473 1.624 1.779 1.942 2.107 2.270 2.434 2.592 2.741 2.900 3.074 3.244 3.403 3.558 3.712 3.867
s 2.462 20 16 3.932 3.245 2.630 2.063 1.523 1.207 1.023 0.864 0.743 0.700 0.646 0.564 0.539 0.498 0.379 0.211 0.054 -0.096 -0.243 -0.332 -0.315 -0.245 -0.160 -0.080 0.000 0.083 0.167 0.253 0.341 0.435 0.528 0.613 0.681 0.763 0.940 1.309 1.805 2.244 2.520 2.700 2.888 3.057 3.188 3.302 3.402 3.485 3.564 3.649 3.750
s 0.660 20 16 1.931 1.831 1.683 1.327 0.919 0.707 0.517 0.502 0.529 0.522 0.505 0.493 0.471 0.418 0.256 0.067 -0.047 -0.121 -0.115 -0.096 -0.077 -0.058 -0.039 -0.020 0.000 0.021 0.042 0.062 0.082 0.102 0.122 0.142 0.162 0.182 0.203 0.224 0.244 0.264 0.284 0.303 0.322 0.341 0.361 0.381 0.402 0.422 0.445 0.479 0.534
s 2.127 17 19 2.276 2.201 2.133 2.054 1.961 1.849 1.731 1.645 1.552 1.474 1.395 1.378 1.360 1.402 1.431 1.329 1.234 1.121 1.020 0.846 0.680 0.532 0.394 0.199 0.000 -0.094 -0.192 -0.088 0.049 0.123 0.189 0.237 0.286 0.317 0.340 0.387 0.432 0.493 0.552 0.825 1.169 1.495 1.802 2.060 2.294 2.435 2.542 2.708 2.886
s 0.660 20 16 1.931 1.831 1.683 1.327 0.919 0.707 0.517 0.502 0.529 0.522 0.505 0.493 0.471 0.418 0.256 0.067 -0.047 -0.121 -0.115 -0.096 -0.077 -0.058 -0.039 -0.020 0.000 0.021 0.042 0.062 0.082 0.102 0.122 0.142 0.162 0.182 0.203 0.224 0.244 0.264 0.284 0.303 0.322 0.341 0.361 0.381 0.402 0.422 0.445 0.479 0.534
s 2.381 18 18 2.488 2.271 2.062 1.876 1.693 1.524 1.355 1.186 1.023 0.877 0.739 0.637 0.544 0.497 0.437 0.327 0.198 -0.023 -0.225 -0.269 -0.295 -0.229 -0.164 -0.083 0.000 0.099 0.199 0.295 0.389 0.480 0.570 0.655 0.739 0.825 0.911 0.996 1.082 1.210 1.348 1.731 2.120 2.427 2.730 2.902 3.069 3.196 3.321 3.434 3.548
s 2.099 18 18 1.834 1.620 1.418 1.385 1.350 1.239 1.120 0.832 0.555 0.385 0.221 0.221 0.219 0.252 0.286 0.337 0.386 0.405 0.419 0.367 0.311 0.208 0.106 0.052 0.000 -0.003 -0.005 0.002 0.015 0.158 0.308 0.547 0.781 0.928 1.069 1.093 1.119 1.200 1.288 1.557 1.827 2.161 2.489 2.670 2.847 2.921 2.994 3.029 3.063
s 3.131 19 18 3.974 3.855 3.692 3.397 2.922 2.369 1.924 1.621 1.451 1.360 1.274 1.189 1.099 1.006 0.918 0.828 0.738 0.660 0.578 0.490 0.405 0.318 0.220 0.111 0.000 -0.087 -0.111 -0.074 -0.006 0.070 0.156 0.228 0.306 0.434 0.609 0.824 1.089 1.408 1.830 2.127 2.377 2.666 2.893 3.084 3.339 3.605 3.749 3.908 4.132
s 1.173 19 18 1.348 1.357 1.344 1.332 1.304 1.141 0.840 0.531 0.381 0.300 0.276 0.257 0.236 0.217 0.198 0.177 0.158 0.138 0.118 0.098 0.079 0.059 0.039 0.020 0.000 -0.020 -0.039 -0.059 -0.079 -0.090 -0.032 0.069 0.173 0.242 0.290 0.322 0.367 0.434 0.504 0.558 0.624 0.739 0.842 0.942 1.041 1.131 1.170 1.156 1.140
s 2.861 18 19 3.900 3.608 3.353 3.115 2.872 2.597 2.315 2.072 1.859 1.672 1.498 1.312 1.123 0.910 0.697 0.476 0.250 0.134 0.056 0.028 0.024 0.016 0.009 0.004 0.000 0.006 0.015 0.019 0.020 0.046 0.094 0.186 0.322 0.465 0.612 0.767 0.923 1.081 1.237 1.383 1.522 1.731 2.077 2.449 2.849 3.210 3.468 3.728 4.001
s 2.948 19 18 3.858 3.542 3.252 2.987 2.749 2.476 2.111 1.485 0.930 0.709 0.604 0.559 0.558 0.549 0.527 0.509 0.456 0.412 0.397 0.325 0.251 0.176 0.101 0.038 0.000 -0.012 0.102 0.304 0.592 0.956 1.290 1.543 1.758 1.811 1.861 1.899 1.936 2.004 2.146 2.251 2.339 2.489 2.661 2.897 3.147 3.488 3.771 3.998 4.206
s 2.272 20 18 2.850 2.352 1.804 1.429 1.131 0.892 0.780 0.697 0.614 0.552 0.477 0.377 0.309 0.274 0.172 -0.102 -0.417 -0.573 -0.573 -0.501 -0.396 -0.286 -0.184 -0.091 0.000 0.100 0.205 0.310 0.413 0.512 0.624 0.768 0.933 1.126 1.337 1.571 1.782 1.968 2.160 2.345 2.523 2.716 2.928 3.166 3.414 3.655 3.860 4.025 4.171
s 1.834 20 18 2.236 2.157 2.057 1.957 1.579 1.096 0.825 0.635 0.589 0.596 0.614 0.639 0.653 0.662 0.714 0.793 0.817 0.804 0.622 0.326 0.132 0.009 -0.038 -0.033 0.000 0.056 0.116 0.180 0.241 0.301 0.349 0.381 0.426 0.490 0.545 0.592 0.647 0.716 0.807 0.937 1.157 1.506 1.790 1.959 2.088 2.136 2.196 2.287 2.364
s 3.048 19 19 3.026 2.791 2.622 2.445 2.249 2.039 1.714 1.409 1.115 0.828 0.664 0.543 0.458 0.373 0.273 0.172 0.089 0.015 -0.132 -0.128 -0.148 -0.115 -0.078 -0.040 0.000 0.050 0.097 0.136 0.169 0.205 0.262 0.317 0.370 0.421 0.541 0.859 1.149 1.343 1.541 1.798 2.105 2.500 2.934 3.416 3.848 3.997 4.092 4.151 4.185
s 0.426 24 16 -0.239 -0.176 -0.145 -0.149 -0.151 -0.127 -0.093 -0.059 -0.028 0.037 0.098 0.153 0.213 0.285 0.303 0.234 0.135 0.014 -0.090 -0.110 -0.091 -0.067 -0.045 -0.024 0.000 0.028 0.057 0.086 0.112 0.138 0.163 0.189 0.212 0.233 0.256 0.287 0.324 0.428 0.592 0.753 0.836 0.880 0.920 0.961 0.997 1.035 1.071 1.105 1.137
s 1.030 16 24 2.253 2.218 2.213 2.204 2.192 2.167 2.090 2.012 1.836 1.648 1.563 1.490 1.523 1.578 1.598 1.604 1.567 1.477 1.322 1.140 0.836 0.456 0.162 0.009 0.000 0.185 0.429 0.692 0.935 1.144 1.313 1.481 1.595 1.559 1.496 1.246 0.964 0.560 0.098 -0.103 -0.176 -0.166 -0.132 -0.085 -0.056 -0.062 -0.117 -0.133 -0.146
s 0.379 24 18 0.874 0.596 0.325 0.126 -0.017 -0.070 -0.068 -0.049 -0.017 0.028 0.073 0.113 0.174 0.238 0.263 0.231 0.092 -0.075 -0.161 -0.138 -0.111 -0.082 -0.053 -0.026 0.000 0.033 0.065 0.096 0.130 0.159 0.188 0.216 0.240 0.267 0.296 0.327 0.358 0.389 0.420 0.452 0.501 0.562 0.641 0.719 0.775 0.813 0.863 0.918 0.958
s 0.307 24 20 -0.066 -0.068 -0.077 -0.040 -0.008 0.027 0.078 0.128 0.163 0.208 0.236 0.244 0.256 0.280 0.315 0.361 0.389 0.380 0.372 0.319 0.244 0.161 0.063 -0.011 0.000 0.017 0.035 0.052 0.070 0.087 0.105 0.122 0.140 0.157 0.175 0.192 0.210 0.227 0.244 0.262 0.279 0.297 0.329 0.442 0.623 0.837 0.979 1.030 1.028
# m ...   reach medians (20 stations)
m 0.725 11 16 0.824 0.788 0.753 0.719 0.685 0.650 0.616 0.582 0.548 0.536 0.530 0.526 0.554 0.565 0.539 0.484 0.389 0.254 0.183 0.142 -0.024 -0.049 -0.039 -0.023 0.000 0.023 0.047 0.070 0.107 0.145 0.174 0.203 0.265 0.344 0.382 0.421 0.459 0.497 0.535 0.574 0.612 0.650 0.688 0.726 0.764 0.802 0.840 0.883 0.921
m 1.163 9 19 1.364 1.382 1.403 1.427 1.447 1.382 1.402 1.423 1.455 1.481 1.506 1.527 1.532 1.545 1.359 1.193 0.773 0.436 0.179 0.085 0.066 -0.048 -0.033 -0.017 0.000 0.019 0.037 0.056 0.074 0.099 0.119 0.148 0.168 0.189 0.289 0.435 0.475 0.514 0.554 0.593 0.633 0.678 0.736 0.808 0.923 1.019 1.054 1.068 1.087
m 0.976 16 12 1.400 1.147 1.011 0.991 1.020 1.017 0.980 0.920 0.857 0.801 0.724 0.654 0.585 0.547 0.535 0.440 0.376 0.377 0.349 0.279 0.200 0.107 0.052 0.020 0.000 0.051 0.116 0.214 0.325 0.415 0.505 0.528 0.627 0.679 0.726 0.749 0.754 0.775 0.804 0.822 0.854 0.886 0.895 0.919 0.942 0.965 0.984 1.079 1.162
m 1.332 16 13 1.532 1.480 1.472 1.386 1.272 1.224 1.174 1.089 1.027 0.955 0.867 0.798 0.696 0.574 0.378 0.296 0.254 0.208 0.120 0.102 0.089 0.065 0.042 0.019 0.000 -0.002 0.002 0.003 -0.003 0.013 0.038 0.134 0.228 0.307 0.377 0.742 0.998 1.276 1.268 1.237 1.328 1.362 1.376 1.419 1.409 1.392 1.377 1.392 1.422
m 1.664 16 13 1.861 1.832 1.930 2.013 1.957 1.890 1.801 1.719 1.604 1.485 1.343 1.223 1.143 1.148 1.150 0.977 0.765 0.722 0.687 0.637 0.461 0.242 0.115 0.021 0.000 0.092 0.212 0.381 0.564 0.623 0.708 0.750 0.825 0.893 0.962 1.019 1.103 1.195 1.190 1.179 1.239 1.383 1.416 1.467 1.454 1.547 1.616 1.656 1.739
m 2.965 14 15 3.687 3.632 3.580 3.467 3.356 3.217 2.951 2.841 2.832 2.789 2.690 2.535 2.344 2.171 2.066 1.740 1.632 1.335 1.014 0.711 0.450 0.269 0.096 0.029 0.000 0.034 0.113 0.209 0.427 0.648 1.030 1.312 1.420 1.553 1.704 1.793 1.921 1.987 2.037 2.070 2.129 2.287 2.380 2.477 2.575 2.711 2.972 3.185 3.324
m 1.648 11 19 2.529 2.593 2.649 2.677 2.677 2.642 2.635 2.626 2.670 2.701 2.678 2.580 2.409 2.251 2.073 1.547 0.938 0.478 0.196 0.038 -0.070 -0.058 -0.043 -0.023 0.000 0.024 0.051 0.079 0.105 0.132 0.158 0.185 0.211 0.237 0.263 0.289 0.316 0.342 0.368 0.395 0.421 0.453 0.500 0.541 0.655 0.721 0.865 0.964 1.282
m 1.543 14 16 1.998 1.781 1.659 1.586 1.529 1.472 1.423 1.375 1.346 1.231 1.234 1.206 1.121 1.004 0.882 0.774 0.683 0.556 0.386 0.261 0.209 0.150 0.050 0.026 0.000 0.033 0.090 0.131 0.194 0.276 0.419 0.525 0.639 0.717 0.773 0.886 1.000 1.100 1.177 1.245 1.309 1.362 1.425 1.476 1.557 1.657 1.754 1.837 1.920
m 2.559 16 14 3.195 3.202 3.143 3.012 2.793 2.525 2.369 2.303 2.254 2.154 2.008 1.965 1.914 1.804 1.614 1.505 1.400 1.265 1.060 0.857 0.672 0.345 0.146 0.011 0.000 0.074 0.173 0.402 0.529 0.792 1.041 1.173 1.317 1.511 1.578 1.670 1.703 1.750 1.896 1.967 2.070 2.195 2.306 2.326 2.316 2.459 2.524 2.556 2.671
m 1.586 16 15 1.735 1.675 1.586 1.447 1.344 1.269 1.230 1.168 1.093 0.982 0.936 0.905 0.842 0.759 0.732 0.693 0.655 0.613 0.567 0.481 0.375 0.263 0.154 0.039 0.000 0.084 0.228 0.421 0.547 0.680 0.804 0.959 1.027 1.093 1.164 1.231 1.287 1.341 1.431 1.538 1.623 1.688 1.760 1.793 1.828 1.885 1.944 2.004 2.061
m 1.544 14 17 1.899 1.842 1.802 1.821 1.809 1.772 1.726 1.670 1.615 1.563 1.493 1.418 1.386 1.327 1.208 1.135 1.039 0.869 0.759 0.559 0.409 0.225 0.098 0.025 0.000 0.045 0.127 0.247 0.446 0.614 0.712 0.799 0.871 0.893 0.904 0.931 0.970 0.983 1.002 0.983 1.016 1.055 1.088 1.131 1.287 1.413 1.402 1.354 1.345
m 1.689 11 20 2.493 2.558 2.621 2.653 2.679 2.642 2.635 2.701 2.752 2.750 2.686 2.580 2.433 2.277 2.083 1.613 1.054 0.493 0.196 0.015 -0.055 -0.058 -0.042 -0.023 0.000 0.024 0.051 0.081 0.108 0.135 0.162 0.189 0.215 0.242 0.268 0.296 0.322 0.349 0.375 0.403 0.431 0.458 0.498 0.569 0.736 0.772 0.871 0.965 1.359
m 1.519 16 16 2.299 2.308 2.315 2.331 2.356 2.370 2.361 2.274 2.018 1.778 1.550 1.394 1.366 1.039 0.913 0.725 0.537 0.258 0.057 -0.101 -0.094 -0.084 -0.066 -0.034 0.000 0.036 0.074 0.112 0.148 0.184 0.218 0.254 0.291 0.328 0.365 0.400 0.435 0.471 0.507 0.543 0.579 0.616 0.651 0.686 0.723 0.761 0.811 0.863 0.965
m 1.507 15 17 1.825 1.853 1.886 1.921 1.901 1.866 1.813 1.727 1.587 1.486 1.348 1.222 1.109 1.078 1.031 0.662 0.393 0.189 0.123 0.094 0.036 -0.025 -0.017 -0.015 0.000 0.017 0.033 0.050 0.066 0.097 0.117 0.164 0.220 0.259 0.293 0.325 0.363 0.468 0.521 0.765 0.869 0.960 1.048 1.067 1.161 1.217 1.272 1.319 1.358
m 2.937 15 17 3.142 3.131 3.105 3.070 3.030 3.005 2.883 2.767 2.582 2.514 2.371 2.252 2.110 2.012 1.867 1.660 1.458 1.391 1.297 0.993 0.586 0.315 0.137 0.046 0.000 0.049 0.181 0.287 0.448 0.735 1.006 1.205 1.512 1.600 1.671 1.748 1.856 1.947 1.999 2.105 2.243 2.392 2.535 2.664 2.844 2.998 3.043 3.047 3.076
m 1.821 15 18 2.246 2.076 1.826 1.681 1.525 1.484 1.463 1.389 1.311 1.231 1.148 1.124 0.999 0.889 0.811 0.672 0.509 0.412 0.393 0.281 0.134 -0.001 -0.035 -0.033 0.000 0.053 0.106 0.177 0.276 0.372 0.446 0.517 0.593 0.662 0.759 0.910 1.047 1.146 1.251 1.372 1.570 1.666 1.776 1.918 2.117 2.283 2.540 2.670 2.778
m 1.290 16 18 1.106 1.107 1.073 1.043 0.996 0.947 0.897 0.847 0.798 0.748 0.699 0.649 0.615 0.561 0.500 0.450 0.400 0.350 0.301 0.251 0.201 0.143 0.090 0.045 0.000 -0.040 -0.036 -0.046 -0.007 0.109 0.141 0.172 0.201 0.262 0.632 0.916 0.912 0.926 0.941 0.975 1.050 1.198 1.334 1.465 1.583 1.691 1.777 1.851 1.903
m 2.119 19 16 2.827 2.602 2.458 2.392 2.291 2.051 1.811 1.721 1.659 1.556 1.460 1.280 1.108 1.019 0.870 0.700 0.587 0.524 0.405 0.289 0.199 0.130 0.076 0.035 0.000 -0.020 -0.032 -0.023 0.007 0.109 0.350 0.560 0.667 0.815 0.909 0.951 1.042 1.193 1.249 1.424 1.565 1.636 1.676 1.779 1.947 2.160 2.348 2.517 2.783
m 1.850 16 19 1.737 1.687 1.702 1.687 1.659 1.544 1.450 1.403 1.335 1.195 1.084 1.006 0.941 0.904 0.820 0.773 0.729 0.547 0.412 0.286 0.110 -0.026 -0.044 -0.030 0.000 0.054 0.112 0.168 0.220 0.275 0.329 0.380 0.434 0.590 0.713 0.730 0.762 0.844 0.923 0.966 1.016 1.139 1.295 1.718 2.042 2.241 2.445 2.564 2.668
m 2.661 19 16 3.117 2.953 2.864 2.728 2.580 2.313 2.059 1.804 1.639 1.500 1.393 1.197 1.027 0.878 0.773 0.605 0.473 0.446 0.410 0.287 0.088 -0.009 -0.058 -0.031 0.000 0.051 0.102 0.147 0.330 0.626 0.752 0.871 1.017 1.262 1.422 1.548 1.648 1.739 1.864 2.064 2.277 2.455 2.617 2.742 2.731 2.798 2.809 2.926 3.090
