HTAB1
# measured HAND profile, 30 kept sandhills_nc tiles, corpus extraction at 8 m, channels acc >= 1.2e+04 m^2
# H(u, W): u = d/(d+m) normalised valley coordinate, W = d+m local half-width (m)
u_bins 24
w_centers 60.0 125.0 210.0 330.0 520.0
h 0.0000 0.0517 0.1033 0.1153 0.1465 0.2111 0.2590 0.3733 0.4467 0.4467 0.6161 0.6337 0.6337 0.7998 0.7998 1.0342 1.0342 1.0342 1.0342 1.0342 1.0342 1.4593 1.4593 1.4593 1.4593
h 0.0000 0.1203 0.2115 0.4457 0.6103 0.8911 1.1570 1.4129 1.6605 1.9524 2.1473 2.4808 2.6780 2.8770 3.0264 3.2448 3.4106 3.6880 3.6880 3.7894 3.8984 3.9061 4.0964 4.0964 4.0964
h 0.0000 0.2316 0.6656 1.1416 1.5845 2.0113 2.3373 2.6924 3.1816 3.6007 4.0915 4.6126 5.1205 5.5495 5.9352 6.3063 6.6439 7.0004 7.1773 7.4046 7.6723 7.9216 7.9494 9.5340 9.5340
h 0.0000 2.9935 2.9935 2.9935 3.7263 3.7263 4.1193 5.2985 5.3828 5.4846 6.6340 7.8215 7.8215 8.4908 9.6363 10.4098 11.1486 11.8886 12.6341 13.1281 13.8908 14.3379 15.0334 15.0334 15.0334
h 0.0000 3.5484 3.5484 3.5484 3.5484 3.5484 3.5484 3.5484 3.5484 5.2890 11.5205 14.4951 14.4951 14.4951 14.4951 14.4951 14.4951 14.4951 14.4951 14.4951 14.4951 14.4951 14.4951 14.4951 14.4951
s 0.0000 0.4000 0.2884 0.3221 0.4004 0.5031 0.6014 0.7256 0.8195 0.8503 1.0171 1.1024 1.1073 1.2847 1.2905 1.5199 1.4582 1.5766 1.5556 1.7743 1.6957 2.1862 0.4000 0.4000 1.8746
s 0.0000 0.2906 0.4144 0.6172 0.7727 0.9631 1.1346 1.3004 1.4593 1.6343 1.7547 1.9351 2.0680 2.2025 2.3412 2.4930 2.6316 2.7939 2.8915 3.0587 3.1857 3.3191 3.5139 0.4000 3.6223
s 0.1668 0.4119 0.6682 0.9103 1.1743 1.4708 1.7547 1.9879 2.1565 2.3579 2.5519 2.7244 2.8831 3.0212 3.1817 3.3500 3.5099 3.6780 3.8309 4.0026 4.1884 4.3713 4.5336 4.9300 4.7444
s 0.4000 0.4000 0.4000 0.4000 0.4000 0.7776 1.4258 1.9461 2.3450 2.2759 2.5309 2.7273 3.0353 2.9602 2.9539 2.9657 3.1253 3.1251 3.6082 3.5978 3.6154 3.8094 3.7666 4.2976 0.4000
s 0.4000 0.4000 0.4000 0.4000 0.4000 0.4000 0.4000 0.6607 1.9577 2.6035 1.5083 0.4000 0.4000 0.4000 0.4000 0.4000 0.4000 0.4000 0.4000 0.4000 0.4000 0.4000 0.4000 0.4000 0.4000
